sample_index	prediction
2	1
3	0
4	1
5	0
6	1
7	0
9	0
10	0
11	0
12	0
14	0
16	1
17	1
20	1
21	0
22	1
24	1
25	0
28	0
29	0
35	0
36	0
37	0
38	0
39	0
40	0
41	0
43	1
47	0
48	0
51	0
54	0
55	0
56	1
61	0
62	0
63	0
65	0
67	0
69	0
72	0
75	0
76	0
78	0
79	0
80	0
82	0
83	0
84	0
87	0
90	0
91	0
92	0
93	0
95	0
96	0
98	0
99	0
102	0
104	0
106	0
107	0
108	0
111	0
113	0
115	0
116	0
117	0
118	0
120	0
122	0
123	0
126	0
127	0
128	0
130	0
131	0
132	0
133	0
134	0
137	0
138	0
139	0
143	0
144	0
146	0
147	0
148	0
149	0
152	0
154	0
155	0
157	0
159	0
160	0
161	0
162	0
165	0
166	0
168	0
170	0
172	1
173	0
181	0
182	0
183	0
187	0
190	0
191	0
192	0
194	0
198	0
199	0
201	0
202	0
203	0
205	0
206	0
207	0
208	0
210	0
214	0
216	0
217	0
218	0
223	0
224	0
225	0
226	0
229	0
233	0
235	0
236	0
237	0
242	0
243	0
245	0
246	0
249	0
250	0
251	0
254	0
256	0
259	0
261	0
263	0
265	0
266	0
268	0
269	0
272	0
274	0
278	0
281	0
285	0
286	0
288	0
293	0
294	0
295	1
302	0
303	0
306	0
307	0
309	0
311	0
312	0
313	0
317	0
318	0
320	0
321	0
324	0
327	0
328	0
329	1
330	0
331	0
334	0
335	0
336	0
337	0
338	0
339	0
340	0
342	0
346	0
349	0
353	0
356	0
357	1
358	0
360	0
363	0
364	0
365	0
370	0
373	0
374	0
376	0
377	0
378	0
379	0
380	0
381	0
383	0
385	0
386	1
387	0
389	0
390	0
391	0
392	0
393	0
395	0
396	0
397	0
398	0
399	0
400	0
401	0
402	0
404	0
405	0
406	0
410	0
413	0
414	0
418	0
419	0
420	0
422	0
426	0
428	0
429	0
430	0
432	0
435	0
438	0
442	0
445	0
447	0
448	0
449	0
452	0
453	0
454	0
455	0
456	0
459	0
460	0
467	0
468	0
470	0
471	0
474	0
475	0
476	0
477	0
478	0
482	0
484	0
485	0
488	0
489	0
492	0
493	0
497	0
500	0
501	0
503	0
505	0
506	0
511	0
513	0
514	0
515	0
516	0
517	0
518	0
520	0
521	0
524	0
525	0
526	0
527	0
532	0
535	0
537	0
538	0
540	0
541	0
542	0
546	0
547	0
549	0
551	0
553	0
557	0
559	0
560	0
563	1
564	0
567	0
570	0
571	0
572	0
575	0
577	0
578	0
580	0
581	0
584	0
585	0
586	0
587	0
588	0
589	0
591	0
592	0
593	0
596	0
601	0
604	1
607	0
608	0
609	0
610	0
615	0
616	0
617	0
623	0
624	0
625	0
626	0
628	0
629	0
634	0
635	0
636	0
639	0
640	0
641	0
642	0
646	0
647	0
649	0
653	0
654	0
657	0
659	0
660	0
662	0
664	0
667	0
668	0
672	0
673	0
674	0
675	0
676	0
682	0
684	0
685	0
687	0
689	0
690	1
693	0
695	0
697	0
698	0
699	0
700	0
702	0
703	0
704	0
705	0
707	1
709	1
710	0
711	0
712	0
714	0
716	0
717	0
718	1
721	0
723	0
724	0
725	0
726	0
727	1
729	0
731	0
732	0
733	0
734	0
736	0
738	0
739	0
740	0
741	0
746	0
748	0
750	0
751	0
753	0
754	0
755	0
758	0
759	0
761	0
763	0
764	0
767	0
769	0
770	1
771	1
772	0
774	0
775	0
776	0
778	0
779	0
780	0
781	0
785	1
792	0
793	0
794	1
796	0
797	0
798	0
800	0
801	0
805	0
807	1
809	0
814	1
815	0
816	0
817	0
821	1
823	0
824	0
825	0
826	0
827	1
828	1
829	0
831	0
833	0
834	0
836	0
838	0
847	0
849	0
850	0
851	0
852	0
853	0
854	0
855	0
856	0
861	0
862	0
864	0
866	0
869	0
871	0
873	0
874	0
876	0
877	0
878	0
879	0
881	0
883	0
884	0
885	0
886	0
887	0
889	0
893	0
895	1
896	0
897	0
899	0
900	0
902	0
903	0
905	0
907	1
909	0
910	0
914	0
915	0
916	0
918	0
919	0
920	0
921	0
923	0
924	0
925	0
926	0
929	0
934	0
935	0
936	0
937	0
939	0
944	0
947	0
948	0
949	0
951	0
952	0
954	1
955	0
956	0
957	0
958	0
960	0
961	0
964	0
967	0
968	0
971	0
972	1
973	0
974	0
975	0
976	0
978	1
981	0
984	0
985	0
988	0
989	0
990	0
992	0
993	0
994	0
996	0
997	0
1003	0
1008	1
1009	1
1013	0
1014	0
1016	1
1017	0
1020	0
1021	0
1022	0
1027	0
1029	1
1031	0
1032	0
1036	1
1039	0
1040	0
1041	0
1044	0
1046	0
1047	0
1050	0
1051	0
1052	0
1055	0
1057	0
1060	0
1061	0
1063	0
1064	0
1066	1
1067	0
1070	0
1071	0
1077	0
1078	0
1080	0
1082	0
1083	0
1084	1
1086	0
1087	0
1088	0
1093	0
1096	0
1097	0
1099	0
1102	0
1108	1
1110	0
1112	0
1113	0
1116	0
1119	0
1120	0
1121	0
1122	0
1123	0
1127	0
1130	1
1131	0
1132	0
1137	0
1138	0
1140	0
1141	0
1142	0
1144	1
1145	0
1146	0
1148	0
1149	0
1151	0
1153	0
1154	0
1155	0
1156	0
1157	0
1159	0
1161	0
1163	0
1164	0
1166	0
1167	0
1168	0
1169	0
1170	0
1171	0
1173	0
1177	0
1181	0
1183	0
1184	0
1185	0
1186	0
1187	0
1190	0
1192	0
1194	0
1195	0
1198	0
1200	0
1202	0
1203	1
1204	1
1206	0
1210	0
1213	0
1215	1
1216	0
1218	1
1219	0
1220	0
1224	0
1225	0
1228	0
1231	0
1239	0
1241	0
1244	0
1246	0
1247	0
1248	0
1249	0
1250	0
1251	0
1253	0
1255	0
1257	0
1258	0
1260	0
1263	0
1266	0
1267	0
1268	0
1274	0
1275	0
1276	0
1277	0
1278	0
1280	0
1281	1
1282	0
1283	0
1285	0
1286	0
1288	0
1291	0
1292	0
1294	0
1295	0
1297	0
1298	0
1301	0
1302	0
1304	0
1305	0
1306	0
1307	0
1309	0
1312	0
1313	0
1315	0
1319	0
1320	0
1325	0
1326	0
1328	0
1329	0
1330	0
1332	0
1333	0
1334	1
1336	0
1338	0
1340	0
1342	0
1343	0
1344	0
1347	0
1348	0
1349	1
1350	0
1354	0
1355	0
1356	0
1359	0
1364	0
1366	0
1368	0
1369	0
1370	0
1372	0
1373	0
1376	0
1380	0
1381	0
1383	0
1384	0
1385	0
1387	0
1388	0
1389	0
1390	0
1391	0
1394	0
1395	0
1397	0
1401	0
1402	0
1404	0
1406	0
1409	0
1410	0
1411	0
1414	0
1416	0
1417	0
1418	0
1419	0
1429	0
1431	0
1434	0
1435	0
1436	0
1439	0
1440	0
1441	0
1444	0
1446	0
1449	0
1450	0
1453	0
1454	0
1459	1
1461	0
1464	0
1465	0
1467	0
1470	0
1471	0
1472	0
1474	0
1477	0
1479	0
1480	0
1482	0
1483	0
1485	0
1486	0
1487	0
1490	1
1493	0
1494	0
1496	0
1497	0
1501	0
1505	0
1506	0
1509	0
1513	0
1514	0
1516	0
1517	0
1519	0
1520	0
1521	0
1522	0
1523	0
1524	0
1525	0
1527	0
1528	0
1529	0
1530	0
1531	0
1532	0
1535	0
1541	0
1542	0
1543	0
1545	0
1548	0
1549	0
1550	0
1551	0
1556	0
1560	0
1561	0
1562	0
1563	0
1565	1
1568	0
1569	0
1571	1
1572	0
1574	0
1575	0
1577	0
1580	0
1582	0
1586	1
1590	0
1592	0
1595	0
1596	0
1597	0
1598	0
1599	0
1600	0
1604	0
1605	0
1606	0
1607	1
1608	0
1618	0
1620	1
1623	0
1626	0
1628	0
1629	0
1630	0
1631	0
1632	0
1634	0
1635	0
1636	0
1637	0
1639	0
1640	0
1641	1
1644	0
1646	0
1647	0
1649	0
1650	0
1655	0
1658	0
1659	0
1660	0
1662	1
1664	0
1665	0
1669	0
1670	0
1673	0
1674	0
1677	1
1679	0
1680	0
1681	0
1683	0
1684	0
1686	0
1687	0
1688	0
1689	0
1691	0
1693	0
1694	0
1696	0
1697	0
1699	0
1700	0
1701	0
1702	0
1705	1
1706	0
1707	0
1708	0
1709	0
1711	0
1712	0
1713	0
1716	0
1717	0
1720	0
1723	0
1725	0
1731	0
1734	0
1735	0
1738	0
1741	0
1742	0
1744	0
1751	0
1752	0
1753	0
1754	0
1756	0
1758	0
1759	0
1760	0
1762	0
1763	0
1764	0
1765	0
1766	0
1769	0
1771	0
1772	0
1773	0
1774	0
1775	0
1777	1
1780	0
1782	0
1783	0
1786	0
1788	0
1789	0
1791	0
1792	1
1793	1
1795	0
1797	1
1798	0
1800	0
1801	1
1803	0
1804	0
1805	0
1807	0
1810	0
1811	0
1817	0
1818	0
1820	0
1822	0
1824	0
1825	0
1828	0
1829	0
1831	1
1833	0
1835	0
1836	1
1837	0
1839	0
1842	0
1844	0
1846	0
1849	0
1852	0
1853	1
1854	0
1855	0
1856	0
1857	0
1858	0
1859	0
1860	0
1864	0
1865	1
1866	1
1869	0
1871	0
1872	0
1875	1
1876	1
1880	0
1882	0
1885	0
1886	0
1888	0
1889	0
1890	0
1891	0
1893	0
1894	0
1895	0
1896	0
1898	0
1900	0
1901	0
1902	0
1904	0
1907	1
1909	0
1912	1
1913	0
1914	1
1915	0
1916	1
1918	1
1919	1
1920	0
1921	0
1924	0
1925	0
1926	0
1929	1
1931	0
1932	0
1933	1
1935	0
1936	0
1937	0
1940	0
1941	1
1943	0
1944	0
1945	0
1947	1
1948	0
1951	0
1953	0
1956	0
1959	0
1960	0
1969	0
1970	0
1971	0
1972	1
1974	0
1975	1
1976	0
1977	1
1980	0
1981	0
1982	0
1983	0
1985	0
1986	0
1987	0
1989	0
1990	0
1991	0
1993	0
1995	0
1997	0
1998	0
1999	0
2001	0
2002	0
2003	0
2004	0
2007	1
2008	0
2010	0
2014	0
2017	0
2018	0
2021	0
2022	0
2027	0
2028	0
2033	0
2034	0
2036	0
2037	0
2039	0
2040	0
2041	0
2042	0
2043	0
2047	1
2048	1
2049	1
2050	0
2052	0
2053	0
2055	0
2056	0
2057	1
2059	1
2061	0
2062	0
2063	0
2066	0
2069	0
2070	0
2071	0
2073	1
2075	0
2076	0
2077	0
2080	0
2082	1
2083	0
2086	1
2089	0
2090	0
2091	0
2094	0
2095	0
2096	0
2101	0
2102	0
2106	0
2107	0
2108	1
2110	0
2113	0
2114	0
2117	0
2118	0
2119	0
2121	0
2122	0
2123	0
2126	0
2127	0
2128	0
2129	0
2132	0
2134	0
2135	0
2136	0
2137	0
2138	0
2139	0
2140	0
2141	0
2142	0
2143	0
2144	0
2145	0
2146	0
2147	0
2148	0
2151	0
2152	0
2153	0
2155	0
2157	1
2159	1
2160	0
2161	0
2162	0
2165	0
2166	0
2168	0
2170	0
2171	0
2173	0
2174	0
2181	0
2183	0
2185	0
2187	0
2188	0
2189	0
2191	1
2192	0
2193	0
2194	1
2195	0
2198	1
2199	1
2200	0
2201	1
2202	0
2204	1
2205	0
2206	0
2208	0
2210	0
2212	0
2215	0
2218	0
2220	0
2221	0
2223	0
2225	0
2226	0
2232	0
2235	0
2236	0
2238	0
2240	0
2242	0
2243	0
2244	0
2245	1
2248	0
2249	0
2250	0
2251	1
2254	0
2255	0
2256	0
2259	0
2260	1
2262	1
2264	1
2265	1
2266	0
2267	0
2268	0
2269	0
2270	0
2271	0
2275	0
2276	0
2278	0
2279	1
2281	0
2282	1
2285	1
2287	0
2289	0
2291	0
2292	0
2295	0
2297	0
2299	0
2301	1
2302	0
2304	1
2306	0
2307	1
2308	0
2309	1
2311	0
2312	0
2315	1
2318	0
2319	0
2320	0
2321	0
2323	0
2324	0
2325	0
2327	0
2328	0
2332	0
2333	0
2334	0
2335	1
2336	0
2337	0
2340	0
2342	0
2344	0
2346	0
2349	0
2352	0
2353	0
2355	0
2358	0
2359	0
2362	0
2363	0
2364	0
2366	0
2368	0
2369	1
2374	0
2377	0
2380	0
2382	0
2385	0
2386	0
2387	0
2389	1
2392	1
2393	0
2394	0
2396	0
2398	0
2399	0
2400	0
2401	0
2402	0
2405	0
2411	0
2413	1
2417	0
2418	0
2421	0
2422	0
2423	0
2428	0
2429	1
2432	0
2433	0
2434	0
2435	0
2436	0
2439	0
2444	1
2445	0
2446	0
2448	0
2449	0
2450	0
2451	0
2453	0
2454	0
2455	0
2456	1
2458	0
2459	0
2462	0
2463	0
2465	1
2469	1
2472	1
2473	0
2474	0
2475	1
2477	0
2479	0
2480	0
2482	0
2483	0
2484	0
2486	0
2487	0
2490	0
2492	0
2493	0
2495	0
2496	0
2498	0
2499	0
2503	0
2504	0
2505	0
2508	1
2509	0
2511	0
2512	0
2519	0
2521	0
2522	0
2524	0
2525	0
2528	1
2531	0
2532	0
2533	1
2536	0
2537	0
2538	0
2539	0
2540	0
2542	0
2545	1
2547	0
2550	0
2552	0
2553	0
2557	0
2558	0
2559	0
2560	0
2563	0
2566	0
2567	0
2568	1
2569	0
2570	1
2573	0
2574	1
2575	0
2576	1
2577	0
2579	0
2580	0
2581	0
2583	0
2586	0
2589	0
2592	0
2593	0
2594	1
2595	0
2599	1
2604	0
2605	0
2611	0
2613	0
2614	0
2617	1
2618	1
2619	0
2621	0
2626	1
2627	0
2629	0
2630	0
2631	0
2632	0
2636	0
2638	0
2639	0
2640	0
2641	0
2642	0
2643	0
2645	0
2646	0
2648	0
2653	0
2656	0
2658	0
2659	0
2660	0
2661	0
2663	1
2664	0
2665	0
2666	0
2670	0
2671	0
2673	0
2676	0
2681	0
2682	0
2683	0
2684	0
2687	0
2690	0
2691	0
2693	1
2694	1
2696	0
2701	0
2702	0
2703	1
2704	0
2706	0
2707	0
2708	1
2709	0
2710	0
2711	0
2712	0
2713	0
2717	0
2719	0
2720	0
2721	0
2722	0
2724	0
2725	0
2726	0
2728	1
2730	0
2732	1
2734	0
2735	0
2736	0
2737	0
2738	0
2739	0
2740	0
2741	0
2745	0
2747	0
2748	0
2749	1
2752	0
2753	0
2754	0
2755	0
2757	0
2759	0
2760	0
2768	0
2769	0
2774	0
2775	0
2778	0
2781	0
2783	0
2787	0
2790	1
2791	0
2792	1
2793	0
2795	0
2796	0
2797	0
2798	0
2800	0
2807	0
2808	0
2809	0
2810	0
2812	0
2813	0
2814	0
2815	1
2817	1
2818	1
2820	1
2822	1
2823	1
2824	0
2825	0
2827	0
2828	0
2829	1
2830	0
2831	0
2833	1
2834	0
2838	1
2839	0
2840	0
2842	0
2843	0
2844	0
2845	1
2846	0
2849	1
2850	0
2852	0
2853	0
2854	0
2855	0
2856	0
2857	1
2859	0
2861	0
2862	0
2864	0
2869	0
2870	0
2871	0
2874	1
2876	0
2877	0
2878	0
2880	0
2882	0
2884	0
2886	0
2888	0
2889	0
2891	0
2892	0
2893	0
2895	0
2897	0
2898	0
2901	0
2902	0
2904	0
2905	1
2906	0
2909	0
2910	0
2911	1
2912	0
2913	0
2915	0
2916	0
2919	0
2920	1
2921	0
2923	0
2925	1
2926	0
2927	0
2929	0
2930	0
2932	1
2933	0
2937	1
2938	0
2939	1
2940	0
2942	0
2943	1
2945	0
2946	0
2951	0
2954	1
2955	0
2956	1
2957	0
2960	0
2962	0
2963	0
2965	0
2966	0
2968	0
2972	0
2973	0
2976	0
2977	0
2978	0
2980	0
2982	0
2984	0
2987	0
2989	0
2991	0
2993	0
2995	0
2996	0
2998	1
3000	0
3002	0
3003	0
3004	0
3005	0
3006	0
3011	0
3013	0
3014	0
3018	0
3019	0
3020	0
3021	0
3022	0
3024	0
3025	0
3027	0
3028	0
3029	1
3030	0
3037	1
3038	1
3040	0
3041	0
3042	0
3043	0
3046	0
3047	1
3049	0
3050	0
3052	0
3053	0
3054	0
3055	0
3056	0
3058	1
3059	1
3060	0
3061	0
3062	0
3063	0
3064	0
3065	0
3066	1
3068	0
3069	0
3071	0
3074	0
3077	0
3078	1
3080	1
3081	0
3083	1
3085	0
3087	0
3093	0
3094	0
3100	0
3102	0
3105	0
3106	1
3109	0
3111	0
3112	0
3113	0
3116	0
3117	1
3118	0
3119	0
3120	1
3125	0
3126	0
3128	0
3131	0
3132	0
3135	0
3136	0
3138	0
3140	1
3143	0
3145	0
3147	0
3150	0
3151	0
3152	1
3153	0
3154	0
3158	1
3159	0
3160	0
3163	1
3165	1
3167	0
3168	0
3169	0
3172	0
3173	0
3174	0
3175	1
3177	0
3182	0
3184	0
3185	0
3186	0
3187	0
3189	0
3190	0
3191	0
3192	1
3193	0
3194	1
3196	1
3197	1
3198	0
3201	1
3203	0
3205	0
3207	1
3208	1
3210	1
3215	0
3216	0
3217	0
3218	1
3220	1
3224	0
3228	0
3231	0
3232	0
3234	0
3238	0
3239	0
3240	0
3241	0
3242	0
3246	1
3247	0
3249	0
3251	1
3256	0
3257	0
3259	1
3260	0
3261	0
3263	0
3265	0
3266	0
3267	0
3269	0
3270	0
3271	1
3273	0
3274	0
3275	0
3278	0
3281	0
3284	0
3285	0
3287	0
3288	0
3291	0
3294	0
3295	0
3297	0
3299	0
3300	0
3302	0
3305	0
3308	0
3309	0
3310	0
3311	0
3312	0
3313	1
3314	0
3315	0
3316	1
3318	0
3319	0
3320	0
3322	0
3323	0
3326	1
3329	1
3330	1
3331	0
3333	1
3334	0
3335	0
3336	0
3338	0
3339	1
3341	1
3343	1
3344	0
3345	0
3347	0
3348	0
3350	0
3352	0
3353	0
3355	0
3356	0
3357	1
3362	1
3364	0
3365	0
3368	1
3369	0
3373	0
3374	0
3375	0
3376	0
3378	0
3379	0
3380	1
3381	0
3382	0
3383	1
3384	1
3385	0
3386	1
3387	0
3391	1
3393	0
3394	1
3397	0
3399	1
3400	0
3401	0
3405	0
3406	0
