23 1
25 0
57 0
91 0
150 0
203 0
217 0
233 0
280 0
284 0
311 0
333 0
337 0
340 0
383 0
393 0
394 1
424 0
426 0
428 0
429 1
480 1
502 0
514 0
524 0
528 0
579 0
607 0
612 0
623 0
638 0
695 -1
699 1
717 0
725 0
745 0
752 -1
772 0
787 0
863 0
873 1
890 0
891 0
892 -1
904 -1
943 0
952 0
961 -1
964 1
977 0
1015 1
1028 0
1045 0
1059 0
1066 0
1071 0
1085 1
1151 0
1165 0
1171 0
1201 0
1305 0
1308 0
1316 0
1335 0
1354 -1
1373 0
1378 1
1379 0
1381 0
1391 0
1403 0
1416 0
1417 0
1419 1
1428 1
1441 0
1470 1
1474 0
1479 1
1483 0
1530 1
1551 0
1558 1
1566 0
1573 0
1581 0
1597 0
1641 0
1642 0
1663 0
1676 0
1697 0
1698 1
1709 0
1719 0
1728 0
1730 0
1754 1
1765 1
1770 0
1786 0
1789 0
1797 1
1866 0
1879 -1
1916 0
1917 1
1964 0
1971 0
1975 0
2002 1
2011 1
2039 0
2076 0
2085 0
2090 0
2130 1
2141 0
2154 0
2160 0
2172 -1
2230 1
2239 1
2254 0
2259 -1
2260 0
2269 1
2271 1
2285 0
2317 0
2325 0
2326 0
2328 1
2406 0
2411 1
2429 0
2497 1
2519 0
2575 1
2647 0
2668 0
2669 0
2676 1
2750 0
2751 1
2784 0
2797 0
2805 -1
2809 0
2821 0
2834 0
2844 0
2895 0
2909 0
2917 1
2920 0
2962 0
2980 0
2998 0
3000 0
3009 1
3027 0
3040 0
3049 0
3055 1
3063 0
3080 0
3088 0
3134 1
3135 0
3152 0
3156 0
3176 0
3184 0
3185 1
3186 0
3194 0
3211 0
3214 0
3241 0
3256 0
3263 1
3322 0
3332 0
3375 -1
3411 0
3413 0
3426 0
3429 0
3471 0
3489 0
3504 0
3519 0
3536 0
3554 1
3561 0
3579 -1
3590 0
3600 1
3612 0
3613 0
3624 0
3633 0
3655 0
3661 1
3720 1
3725 0
3729 0
3733 0
3755 0
3768 0
3777 0
3782 0
3783 0
3789 0
3848 0
3867 0
3870 0
3893 1
3918 0
3924 0
3937 0
3976 0
3983 0
3984 1
4006 0
4011 0
4034 0
4039 0
4070 0
4074 0
4077 0
4080 0
4097 0
4098 0
4126 0
4141 0
4145 1
4172 0
4174 0
4207 1
4308 0
4313 0
4343 0
4347 0
4403 0
4422 0
4432 0
4434 0
4450 0
4456 0
4457 1
4462 1
4500 0
4519 1
4552 1
4558 0
4606 0
4609 -1
4643 0
4665 -1
4667 0
4668 1
4675 0
4708 0
4710 0
4716 0
4729 0
4755 1
4777 0
4807 1
4834 1
4840 1
4884 0
4894 1
4921 0
4922 0
4975 1
4982 1
4992 0
5001 1
5019 0
5065 0
5076 -1
5084 0
5105 1
5122 1
5131 0
5160 0
5206 0
5244 0
5247 0
5266 0
5267 0
5270 0
5355 1
5359 0
5365 0
5373 0
5408 0
5409 1
5413 0
5426 0
5449 0
5457 0
5473 0
5477 0
5485 0
5487 0
5525 0
5645 0
5646 0
5647 0
5656 0
5667 0
5693 0
5706 0
5719 0
5763 0
5765 0
5767 0
5768 1
5819 0
5826 0
5849 0
5850 0
5877 0
5907 0
5910 1
5923 0
5976 0
5977 0
5979 0
6002 0
6023 0
6027 0
6041 0
6051 -1
6111 0
6127 0
6129 1
6136 0
6242 0
6259 -1
6319 0
6323 0
6346 0
6348 0
6381 0
6396 0
6407 0
6423 0
6434 0
6455 0
6461 -1
6479 0
6490 0
6491 0
6506 0
6515 0
6559 0
6568 0
6569 0
6583 0
6596 0
6604 0
6607 1
6616 0
6617 0
6623 -1
6627 0
6649 0
6654 0
6656 0
6689 0
6699 0
6742 0
6743 1
6745 1
6768 0
6770 0
6782 0
6803 0
6804 0
6808 0
6831 0
6842 0
6859 0
6893 0
6898 0
6912 1
6956 0
6958 0
6980 0
6987 0
7003 0
7009 0
7011 0
7020 1
7028 0
7042 0
7083 0
7094 0
7103 0
7104 0
7128 0
7156 0
7162 0
7165 0
7196 0
7202 0
7211 0
7222 0
7223 0
7225 0
7244 0
7283 0
7304 1
7345 0
7368 0
7381 0
7390 1
7417 1
7440 0
7441 0
7450 0
7497 0
7511 1
7516 0
7521 0
7522 0
7548 0
7589 0
7622 0
7637 0
7644 0
7697 0
7706 0
7710 0
7715 0
7749 0
7769 1
7818 0
7845 0
7855 1
7861 0
7955 0
7990 0
7997 0
8007 1
8044 0
8060 0
8065 0
8096 0
8110 0
8147 0
8149 0
8155 1
8156 0
8171 0
8180 0
8192 0
8200 0
8203 0
8206 0
8218 0
8224 0
8237 0
8252 0
8287 1
8320 0
8324 0
8358 -1
8364 0
8365 0
8377 0
8396 0
8404 0
8405 0
8436 0
8448 0
8451 0
8456 0
8505 0
8514 0
8525 0
8565 0
8588 0
8591 0
8599 0
8610 0
8615 0
8660 0
8666 0
8684 0
8687 1
8703 0
8742 -1
8761 0
8774 0
8788 0
8798 0
8807 0
8812 0
8817 0
8824 0
8873 0
8874 0
8896 0
8903 0
8907 0
8930 0
8943 0
8986 0
9038 0
9042 0
9045 0
9047 0
9059 0
9106 -1
9114 0
9119 0
9148 0
9187 0
9194 0
9200 0
9218 0
9220 1
9232 0
9246 0
9253 0
9294 0
9342 0
9380 0
9388 0
9405 0
9414 0
9419 0
9432 0
9440 0
9455 0
9469 0
9476 0
9499 0
9501 0
9506 0
9523 0
9525 0
9547 0
9560 0
9565 0
9570 0
9577 1
9609 -1
9643 0
9649 0
9691 1
9698 0
9721 0
9728 0
9730 0
9731 0
9735 0
9778 0
9793 0
9803 0
9809 0
9811 0
9817 0
9858 0
9880 0
9903 0
9924 -1
9927 0
9936 0
9954 0
9959 0
9968 0
10047 0
10048 0
10077 0
10080 0
10094 0
10141 0
10164 0
10176 0
10183 0
10200 0
10204 0
10290 0
10315 0
10342 0
10355 0
10369 0
10370 0
10386 0
10389 0
10472 0
10474 0
10483 0
10534 0
10563 0
10586 0
10600 0
10606 0
10613 0
10628 0
10646 0
10647 0
10654 0
10666 0
10679 0
10702 0
10703 0
10739 0
10747 0
10758 0
10770 0
10806 0
10809 0
10815 0
10840 0
10853 0
10882 0
10892 0
10893 0
10898 0
10903 0
10956 0
10957 0
10978 0
11002 0
11026 0
11042 0
11052 0
11054 1
11081 0
11084 0
11090 0
11098 -1
11103 0
11116 0
11149 0
11150 0
11161 0
11179 0
11184 0
11213 0
11263 0
11267 0
11275 0
11298 0
11306 0
11336 0
11352 0
11367 0
11416 1
11428 0
11436 0
11437 0
11438 0
11442 0
11450 0
11461 0
11462 0
11503 0
11528 0
11548 0
11555 0
11564 0
11593 0
11596 0
11607 -1
11622 0
11639 0
11729 0
11773 0
11775 0
11805 0
11811 0
11817 0
11818 0
11861 0
11881 1
11889 0
11890 0
11915 0
11934 0
11942 0
11945 0
11953 0
11976 0
11978 0
11979 0
12011 0
12046 0
12054 0
12082 0
12148 0
12151 0
12156 0
12162 0
12169 0
12196 0
12208 0
12234 0
12245 0
12246 0
12278 0
12288 0
12302 0
12310 0
12319 0
12341 0
12365 0
12373 0
12376 0
12400 0
12404 0
12419 0
12429 0
12445 0
12464 0
12485 0
12489 0
12519 0
12537 0
12579 0
12600 0
12612 0
12644 0
12645 0
12690 0
12695 0
12710 0
12720 0
12736 0
12738 0
12762 0
12770 0
12786 0
12805 0
12814 0
12845 0
12859 0
12878 0
12894 0
12920 0
12940 0
12941 0
12946 0
12971 0
12974 0
13021 0
13039 0
13065 0
13078 0
13085 0
13136 0
13137 0
13146 0
13162 0
13183 0
13197 0
13222 0
13224 0
13239 0
13240 0
13283 1
13297 0
13298 0
13300 0
13307 0
13318 0
13337 0
13364 0
13379 0
13389 0
13397 0
13406 0
13408 0
13421 0
13425 0
13438 0
13449 0
13454 0
13460 0
13507 0
13509 0
13516 0
13522 0
13532 0
13542 1
13554 0
13594 0
13631 0
13634 0
13665 0
13689 0
13697 0
13698 0
13705 0
13723 0
13758 0
13773 0
13781 0
13790 0
13804 0
13812 0
13825 0
13841 0
13855 0
13864 0
13880 0
13885 0
13906 0
13907 0
13908 0
13948 0
13987 0
13988 0
14006 0
14009 0
14024 0
14078 0
14094 0
14105 0
14106 0
14110 0
14128 0
14139 0
14141 0
14165 0
14186 0
14224 0
14263 0
14297 0
14316 0
14347 0
14350 0
14358 0
14415 0
14455 0
14463 0
14558 0
14602 0
14604 0
14616 0
14621 0
14629 0
14650 0
14671 0
14680 0
14682 0
14725 0
14730 0
14760 0
14765 0
14769 0
14772 0
14807 0
14819 0
14821 0
14846 0
14849 0
14864 0
14884 0
14899 0
14900 0
14935 -1
14953 0
15012 0
15014 0
15023 0
15057 0
15060 0
15063 0
15066 0
15092 0
15103 0
15128 0
15146 0
15161 0
15202 0
15207 0
15215 0
15245 0
15262 0
15311 0
15329 0
15348 0
15365 0
15399 0
15408 0
15424 0
15445 0
15460 0
15461 0
15464 0
15502 0
15550 0
15561 0
15581 0
15586 0
15592 0
15603 0
15627 0
15671 0
15697 0
15719 0
15725 0
15738 0
15748 0
15791 0
15810 0
15832 0
15844 0
15870 0
15907 0
15917 0
15926 0
15929 0
15930 0
15976 0
15994 0
16008 0
16012 0
16014 0
16021 0
16027 0
16069 0
16124 0
16125 0
16126 0
16151 0
16181 0
16213 0
16233 0
16253 0
16272 0
16284 0
16298 0
16299 0
16308 0
16324 0
16326 0
16339 0
16345 0
16346 0
16352 0
16378 0
16411 0
16413 0
16424 0
16445 0
16481 0
16489 0
16532 0
16537 0
16549 0
16554 0
16564 0
16566 0
16599 0
16610 0
16623 0
16663 0
16665 0
16674 0
16678 0
16684 0
16685 0
16706 0
16708 0
16711 0
16755 0
16806 0
16849 0
16869 0
16886 0
16888 0
16900 1
16901 0
16914 0
16927 0
16948 0
16964 0
17004 0
17015 0
17032 0
17047 0
17059 0
17067 0
17069 0
17094 0
17160 0
17172 0
17189 0
17212 0
17222 0
17266 0
17268 0
17272 0
17279 0
17311 0
17312 0
17369 0
17375 0
17392 0
17412 0
17420 0
17433 0
17439 0
17461 0
17469 0
17500 0
17505 0
17523 0
17536 0
17543 0
17551 0
17575 0
17599 0
17611 0
17635 0
17649 0
17657 0
17671 0
17681 0
17684 0
17706 0
17712 0
17730 0
17732 0
17751 0
17793 0
17813 0
17829 0
17844 0
17881 0
17894 0
17904 0
17915 0
17927 0
17965 0
18006 0
18051 0
18056 0
18108 0
18117 0
18138 0
18151 0
18156 0
18169 0
18179 0
18186 0
18201 0
18203 0
18212 0
18316 0
18319 0
18354 0
18404 0
18424 0
18428 0
18452 0
18457 0
18466 0
18470 0
18478 0
18484 0
18488 0
18490 0
18499 0
18507 0
18527 0
18534 0
18540 0
18547 0
18611 0
18612 0
18613 0
18614 0
18626 0
18638 0
18648 0
18659 0
18695 0
18752 0
18796 0
18801 0
18806 0
18824 0
18856 0
18867 0
18933 0
18939 0
18957 0
18959 0
18965 0
18975 0
18980 0
19045 0
19086 0
19105 0
19107 0
19125 0
19150 0
19167 0
19169 0
19179 0
19188 0
19210 0
19226 0
19245 0
19251 0
19280 0
19290 0
19294 0
19297 0
19298 0
19301 0
19359 0
19360 0
19384 0
19386 0
19388 0
19389 0
19397 0
19417 0
19466 0
19470 0
19472 0
19492 0
19520 0
19546 0
19602 0
19611 0
19616 0
19627 0
19632 0
19662 0
19693 0
19745 0
19746 0
19748 0
19796 0
19798 0
19816 0
19845 0
19891 0
19917 0
19931 0
19933 0
19956 0
19961 0
19979 0
19981 0
20003 0
20066 0
20067 0
20069 0
20090 0
20097 0
20109 0
20110 0
20135 0
20140 0
20158 0
20166 0
20183 0
20196 0
20251 0
20263 0
20284 0
20285 0
20300 0
20308 0
20332 0
20380 0
20381 0
20414 0
20426 0
20450 0
20465 0
20482 0
20483 0
20487 0
20507 0
20585 0
20593 0
20601 0
20607 0
20622 0
20636 0
20645 0
20668 0
20759 0
20772 0
20800 0
20816 0
20838 0
20844 0
20849 0
20875 0
20884 0
20903 0
20939 0
20941 0
20943 0
20949 0
20961 0
20983 0
20986 0
20991 0
20998 0
21012 0
21018 0
21034 0
21056 0
21068 0
21106 0
21123 0
21128 0
21132 0
21158 0
21176 0
21179 0
21185 0
21195 0
21207 0
21241 0
21249 0
21274 0
21287 0
21290 0
21297 0
21311 0
21329 0
21334 0
21344 0
21369 0
21375 0
21378 0
21387 0
21399 0
21407 0
21414 0
21423 0
21435 0
21512 0
21520 0
21528 0
21541 0
21552 0
21558 0
21572 0
21581 0
21606 0
21613 0
21674 0
21680 0
21683 0
21691 0
21692 0
21696 0
21704 0
21706 0
21731 0
21806 0
21824 0
21868 0
21871 0
21880 0
21908 0
21915 0
21919 0
21924 0
21925 0
22007 0
22035 0
22040 0
22069 0
22086 0
22093 0
22121 0
22133 0
22141 0
22148 0
22161 0
22162 0
22169 0
22198 0
22237 0
22244 0
22270 0
22287 0
22292 0
22294 0
22340 0
22357 0
22382 0
22388 0
22408 0
22412 0
22414 0
22442 0
22456 0
22462 0
22477 0
22502 0
22582 0
22583 0
22592 0
22598 0
22664 0
22665 0
22682 0
22692 0
22718 0
22722 0
22725 0
22747 0
22750 0
22769 0
22845 0
22848 0
22849 0
22910 0
22928 0
22961 0
22963 0
22970 0
22979 0
22986 0
23003 0
23026 0
23090 0
23096 0
23100 0
23173 0
23195 0
23216 0
23234 0
23236 0
23261 0
23289 0
23300 0
23310 0
23397 0
23404 0
23412 0
23424 0
23443 0
23445 0
23461 0
23473 0
23484 0
23488 0
23508 0
23521 0
23592 0
23593 0
23614 0
23622 0
23629 0
23645 0
23678 0
23690 0
23697 0
23712 0
23717 0
23733 0
23748 0
23752 0
23757 0
23769 0
23773 0
23778 0
23782 0
23808 0
23814 0
23843 0
23848 0
23873 0
23895 0
23931 0
23946 0
23971 0
23983 0
23991 0
23996 0
24004 0
24005 0
24018 0
24056 0
24071 0
24073 0
24084 0
24093 0
24151 0
24157 0
24163 0
24168 0
24170 0
24176 0
24215 0
24218 0
24231 0
24250 0
24253 0
24290 0
24299 0
24303 0
24305 0
24313 0
24332 0
24379 0
24385 0
24389 0
24407 0
24418 0
24448 0
24461 0
24519 0
24531 0
24597 0
24604 0
24623 0
24624 0
24637 0
24645 0
24655 0
24691 0
24694 0
24756 0
24777 0
24808 0
24888 0
24989 0
25098 0
25103 0
25138 0
25149 0
25159 0
25177 0
25179 0
25200 0
25203 0
25232 0
25242 0
25254 0
25259 0
25283 0
25324 0
25336 0
25369 0
25378 0
25391 0
25395 0
25426 0
25429 0
25438 0
25445 0
25457 0
25461 0
25465 0
25495 0
25499 0
25503 0
25522 0
25535 0
25554 0
25590 0
25593 0
25633 0
25643 0
25704 0
25706 0
25708 0
25710 0
25715 0
25718 0
25734 0
25739 0
25741 0
25745 0
25770 0
25771 0
25813 0
25838 0
25883 0
25902 0
25916 0
25968 0
25974 0
25988 0
25992 0
26009 0
26018 0
26020 0
26026 0
26029 0
26051 0
26054 0
26058 0
26109 0
26118 0
26148 0
26245 0
26252 0
26257 0
26259 0
26260 0
26298 0
26310 0
26311 0
26356 0
26362 0
26368 0
26390 0
26392 0
26424 0
26446 0
26469 0
26472 0
26486 0
26512 0
26516 0
26554 0
26555 0
26562 0
26609 0
26620 0
26643 0
26648 0
26654 0
26676 0
26695 0
26784 0
26789 0
26792 0
26797 0
26802 0
26805 0
26818 0
26853 0
26863 0
26871 0
26875 0
26921 0
26925 0
26946 0
26953 0
27003 0
27012 0
27017 0
27023 0
27026 0
27045 0
27050 0
27090 0
27102 0
27104 0
27105 0
27127 0
27131 0
27151 0
27153 0
27160 0
27209 0
27243 0
27244 0
27267 0
27276 0
27290 0
27303 0
27309 0
27323 0
27346 0
27367 0
27370 0
27405 0
27411 0
27422 0
27434 0
27436 0
27443 0
27444 0
27447 0
27450 0
27457 0
27461 0
27465 0
27480 0
27510 0
27515 0
27564 0
27565 0
27569 0
27577 0
27579 0
27628 0
27650 0
27657 0
27683 0
27697 0
27707 0
27712 0
27748 0
27792 0
27812 0
27817 0
27819 0
27827 0
27839 0
27841 0
27854 0
27859 0
27872 0
27879 0
27907 0
27924 0
27946 0
27951 0
27967 0
27971 0
28004 0
28005 0
28017 0
28041 0
28053 0
28058 0
28063 0
28068 0
28108 0
28117 0
28124 0
28133 0
28145 0
28160 0
28223 0
28282 0
28294 0
28305 0
28344 0
28354 0
28355 0
28375 0
28378 0
28392 0
28401 0
28422 0
28447 0
28474 0
28530 0
28545 0
28549 0
28585 0
28588 0
28593 0
28604 0
28607 0
28627 0
28639 0
28643 0
28649 0
28664 0
28681 0
28757 0
28771 0
28779 0
28781 0
28784 0
28790 0
28797 0
28803 0
28813 0
28840 0
28845 0
28870 0
28872 0
28931 0
28954 0
28977 0
29024 0
29027 0
29032 0
29043 0
29116 0
29122 0
29140 0
29142 0
29186 0
29200 0
29208 0
29226 0
29279 0
29346 0
29375 0
29380 0
29381 0
29401 0
29441 0
29525 0
29539 0
29557 0
29567 0
29572 0
29595 0
29604 0
29641 0
29661 0
29732 0
29734 0
29735 0
29776 0
29793 0
29833 0
29836 0
29846 0
29847 0
29848 0
29867 0
29885 0
29908 0
29934 0
29967 0
29985 0
29989 0
29995 0
30049 0
30068 0
30075 0
30082 0
30083 0
30097 0
30148 0
30166 0
30173 0
30234 0
30248 0
30270 0
30278 0
30293 0
30295 0
30343 0
30354 0
30360 0
30384 0
30391 0
30404 0
30416 0
30426 0
30452 0
30481 0
30512 0
30523 0
30536 0
30543 0
30546 0
30554 0
30565 0
30566 0
30580 0
30598 0
30604 0
30610 0
30637 0
30658 0
30667 0
30708 0
30718 0
30724 0
30733 0
30773 0
30779 0
30795 0
30818 0
30852 0
30855 0
30869 0
30877 0
30917 0
30938 0
30989 0
31030 0
31035 0
31040 0
31070 0
31071 0
31072 0
31106 0
31176 0
31181 0
31184 0
31249 0
31337 0
31347 0
31348 0
31367 0
31402 0
31419 0
31420 0
31448 0
31450 0
31508 0
31521 0
31542 0
31576 0
31600 0
31605 0
31630 0
31639 0
31827 0
31846 0
31848 0
31878 0
31896 0
31902 0
31909 0
31915 0
31923 0
31982 0
32076 0
32089 0
32094 0
32104 0
32106 0
32125 0
32127 0
32129 0
32150 0
32179 0
32203 0
32232 0
32271 0
32300 0
32320 0
32331 0
32354 0
32359 0
32388 0
32410 0
32411 0
32433 0
32447 0
32487 0
32502 0
32518 0
32524 0
32553 0
32597 0
32599 0
32600 0
32602 0
32619 0
32622 0
32627 0
32640 0
32680 0
32694 0
32698 0
32703 0
32707 0
32711 0
32720 0
32752 0
32781 0
32782 0
32789 0
32795 0
32806 0
32818 0
32823 0
32912 0
32925 0
32927 0
32929 0
32980 0
32988 0
32992 0
32994 0
32995 0
33015 0
33053 0
33061 0
33126 0
33138 0
33141 0
33144 0
33150 0
33163 0
33207 0
33239 0
33259 0
33271 0
33303 0
33348 0
33438 0
33448 0
33483 0
33490 0
33511 0
33524 0
33539 0
33549 0
33586 0
33630 0
33633 0
33675 0
33682 0
33694 0
33746 0
33749 0
33761 0
33785 0
33796 0
33814 0
33817 0
33829 0
33836 0
33859 0
33861 0
33885 0
33916 0
33917 0
33926 0
33989 0
34009 0
34028 0
34070 0
34090 0
34091 0
34098 0
34115 0
34120 0
34131 0
34142 0
34147 0
34163 0
34164 0
34230 0
34241 0
34251 0
34265 0
34301 0
34302 0
34342 0
34346 0
34375 0
34416 0
34425 0
34441 0
34452 0
34477 0
34479 0
34494 0
34500 0
34509 0
34538 0
34570 0
34660 0
34689 0
34721 0
34724 0
34759 0
34772 0
34803 0
34858 0
34871 0
34916 0
34941 0
34977 0
35004 0
35005 0
35024 0
35040 0
35067 0
35087 0
35095 0
35133 0
35152 0
35182 0
35223 0
35237 0
35265 0
35267 0
35330 0
35335 0
35352 0
35366 0
35391 0
35447 0
35481 0
35484 0
35506 0
35612 0
35754 0
35858 0
35900 0
35909 0
35921 0
35932 0
36028 0
36054 0
36117 0
36128 0
36147 0
36266 0
