2,0.2253011812706002
3,0.15999193508718057
4,0.21613395181439907
5,0.4064889309936917
6,0.5179305871201351
7,0.24804363860221837
10,0.1932123373446866
11,0.32852117950077336
12,0.016808701209193394
16,0.27235320108256644
17,0.27388254832451514
20,0.37127163943161773
21,0.21809085713468876
22,0.2369827039256598
25,0.23163798368174646
28,0.17456538109994713
29,0.1555905790879674
35,0.3223096825412968
36,0.30147421238456645
37,0.23650356651831267
38,0.22045700144236374
39,0.18121319913561276
40,0.21570790940128645
41,0.36422075131662957
43,0.17257756561178536
47,0.516727681258515
48,0.2492172389116975
51,0.1528702344613369
54,0.23872124085888402
55,0.17860568804585636
56,0.17701238614625595
61,0.5172845878940084
62,0.3052073414098549
63,0.1696014223546707
65,0.212059791238156
67,0.18381870509739404
69,0.19310040604229933
75,0.4164137472807061
76,0.16489543180785365
78,0.30970838528311145
79,0.3415663771629077
80,0.28367248312613436
82,0.17654015368178894
83,0.30735428322709996
84,0.21826048766478826
90,0.3247757988951397
91,0.4481223750461732
92,0.17701588998273812
93,0.262945624872986
95,0.1911282053584144
96,0.18830893180620345
98,0.17385241012092847
99,0.5040573221405343
102,0.22099569111503753
104,0.352590200726906
107,0.22951785090644364
108,0.1703743086439183
111,0.20291087617287157
113,0.234606799450762
115,0.17101237416748594
117,0.3310061971635574
118,0.40576918669266615
120,0.2237719936652364
123,0.24042421930070904
126,0.3671083621422063
127,0.26839033551120767
128,0.36740229830589527
130,0.34464303944728747
131,0.3494075655463625
132,0.1800152842775213
133,0.20421743893495134
134,0.18792368393176803
137,0.28962780409986927
138,0.5635113368905454
139,0.21773926093345153
144,0.48411738059361137
146,0.2071473482699286
147,0.2830651197670148
148,0.17905264162420376
149,0.18914896052825445
154,0.22602717666164146
155,0.5097573114076738
157,0.1618916235766031
160,0.35452841113616956
161,0.27640009596468607
162,0.3158438205756456
165,0.1894214137110678
166,0.19042512425229632
168,0.1861694740864781
170,0.22305981726204752
172,0.17514813695192094
173,0.16521685147115603
181,0.15338577052745994
182,0.41897622180198757
183,0.421299543951108
187,0.3941598871269977
190,0.18267133147241574
191,0.22078653020171163
192,0.22099832656658056
194,0.3312462128092604
198,0.2361432157734894
201,0.29498473438960576
202,0.19639918565000422
203,0.23248835999760234
205,0.16118664043803707
207,0.6581467605705656
208,0.15814867442174735
210,0.31012113817300835
216,0.2671333617227236
217,0.17437110896758767
218,0.3297365920834633
224,0.20593520928268857
225,0.2886653483353125
226,0.25135933695130264
229,0.5064333773175379
233,0.605898286698556
235,0.27531563522236474
236,0.23389388059218127
237,0.28277997221263274
242,0.23915793364120036
243,0.2322316099926123
245,0.25207379026389604
246,0.1780428030965271
249,0.35274896938141004
250,0.32100256710726777
251,0.3998978908285553
254,0.17346194385944627
256,0.16428960822340394
259,0.24290553173635482
261,0.9917219365759037
263,0.18573954383057875
265,0.15730529124259487
266,0.7253942564632491
268,0.196878536998918
269,0.43184829969816496
272,0.4898723560571152
278,0.2195898819080833
281,0.1783164498659742
285,0.26839936064464565
286,0.2842311867848404
293,0.15640531264638846
294,0.29483036793703876
295,0.16242324147451082
302,0.22493588451083718
303,0.3408210564258376
306,0.2457483076468581
311,0.32760595725862995
313,0.17044561690306279
318,0.34016679816094947
320,0.3055666957240625
321,0.2759699727466775
324,0.17002013942018754
327,0.2512654050884395
328,0.1714807210931128
329,0.05633945716212326
330,0.22278488312132502
331,0.2120971167357272
334,0.22866505490766292
335,0.16462320911615494
336,0.2704956472019152
337,0.1771913484954033
338,0.9102018939367744
339,0.18932732575855593
340,0.3286942930728747
342,0.17724891002503493
346,0.15785749801822666
349,0.4541509894270912
353,0.5480795240444659
356,0.19352578050830593
357,0.18625173205491202
358,0.15911148441088788
360,0.2222317479237308
363,0.2522200150451417
364,0.17142683601051364
365,0.2552767208697504
370,0.3307404881251631
373,0.28018070115505284
374,0.18058035945992928
376,0.24189317162654375
377,0.38117580260925826
379,0.32406374757299283
380,0.17729541581873348
381,0.1661455461419543
385,0.22766320304613874
386,0.6259522036345428
389,0.17011720419575954
390,0.18035101801809086
391,0.17306387308982618
392,0.15762867862182947
393,0.35983612979681656
396,0.25805537136598283
397,0.2997934217718847
398,0.16257747899236977
399,0.44251680968033186
400,0.19551377643773238
401,0.18600579390756666
402,0.17325895968640437
404,0.2769871253971082
405,0.4520811901585928
406,0.40052026673925023
413,0.1900661533260672
414,0.16261515011095012
418,0.23707938445030322
419,0.196043817638901
420,0.1646150307378409
422,0.2367558898952489
426,0.22274417668608593
429,0.16318209311784157
430,0.17428026202611321
432,0.23499615808831212
435,0.2664546362279742
438,0.6356926261578638
442,0.16560434907439212
447,0.36729775968918565
448,0.21256116862281804
449,0.3477601338375145
452,0.22259944241007468
453,0.671067702319644
454,0.16819952074336342
455,0.3999087121813403
456,0.21514313660557344
459,0.24819340726144848
460,0.2698339846712931
467,0.29994518052010916
468,0.3026007168761973
470,0.2536061096418465
471,0.3251441357591651
474,0.36022924702261805
475,0.22336333009913392
476,0.16712213768328887
477,0.27622215543406636
478,0.21070955986284662
482,0.22120780018419905
484,0.18250620394612194
485,0.1677741977018253
488,0.22550609806711278
489,0.3912390311057282
492,0.9797200478676763
493,0.22021896343511144
497,0.23834702026944798
500,0.46255206550038513
503,0.4358823298084789
505,0.1766167268947364
506,0.19455782451252995
511,0.2575088885296325
513,0.21329548511722762
514,0.5132169923560781
516,0.2523434328189279
517,0.4712042326298884
518,0.46284435831782317
521,0.21700645294182966
524,0.17430493753351084
525,0.3602659031363202
526,0.1818404079739741
532,0.3050941837183879
535,0.025973257193778437
537,0.4867103689270152
538,0.1788713017901795
540,0.2371356030200024
541,0.20325945512845403
542,0.1844079086682306
546,0.21310004132474508
547,0.41458104359945835
551,0.20470198088209074
557,0.3026127779079593
559,0.3284771768790817
560,0.6676756165838774
563,0.8398134259167451
564,0.17797022990515446
567,0.1845692127100453
570,0.19374011666802404
571,0.31548437322510775
572,0.15581536064186224
575,0.23550094440132308
577,0.1720261233782174
578,0.28566350620878006
580,0.5430730886568809
581,0.21724531060929198
585,0.4152624766617897
586,0.3801541059051014
587,0.9086563657495017
588,0.42865251532417514
589,0.7222534115226359
593,0.24968071644216458
596,0.1753837256167836
601,0.34645072070222765
604,0.48029506019374296
607,0.24335578377000583
609,0.2995087531630939
610,0.33215100449892077
615,0.39420244640154295
616,0.4202553139633542
617,0.3203681036923649
623,0.27915441254581974
624,0.3428703354813353
625,0.32957812806010045
626,0.24772855223137039
628,0.2661133584850881
629,0.492575590006251
634,0.2741564545026986
635,0.41257180428312595
636,0.24165592344678927
639,0.2437578796435063
640,0.3638068160153415
641,0.5677977797814188
642,0.22966312278278395
646,0.2927148860100021
647,0.4948370853728977
649,0.19004746790183968
653,0.4887451209108889
654,0.4093571767964797
657,0.31383685837846165
659,0.37135637621810663
660,0.4550168505413245
662,0.2649899506469341
664,0.23234165117109307
667,0.26578172833402947
668,0.2769241620249057
672,0.2175704477691998
674,0.27706633685880927
675,0.3298464799377107
676,0.32815150421014333
682,0.16925539869086167
684,0.3273267186954212
685,0.3631360803821832
687,0.19875291978221937
689,0.46970376261884955
690,0.32056929257541933
693,0.4862233313119101
697,0.3929900344802969
698,0.2376373676754589
699,0.3312628708322052
700,0.1866764241244712
702,0.1992914852650152
703,0.23705767808211958
704,0.44646963867926287
705,0.33747958615554113
707,0.3470372763308756
709,0.26397094121261827
710,0.20127047576067553
711,0.1824359838130273
712,0.20765621601396267
714,0.3223300390466773
716,0.5967549445234593
717,0.1996061335777425
718,0.46129953513382893
723,0.2581536584113894
724,0.2244891373844849
725,0.1606466465738662
726,0.33052898986505713
727,0.5099244375478417
729,0.17670221658799712
731,0.1983520865926926
733,0.1781889943248087
736,0.3214884106611551
738,0.23159047164114396
739,0.3661427696067897
740,0.4745431722703793
741,0.4314870172685722
746,0.38340674162395505
748,0.4162942640820139
751,0.7115089673866718
753,0.15706412914228954
754,0.39835708149167437
758,0.28400477749529895
759,0.17424895216410588
761,0.20510339571173317
763,0.202706469310081
764,0.8674912510969682
767,0.15882662758409813
769,0.24938237424676446
770,0.1777164287487669
771,0.379926199300129
772,0.27264231110218506
774,0.38440007697388134
775,0.19617343768483625
776,0.1830893228235602
778,0.9487965604929721
780,0.5117428713938481
781,0.26007734853654535
785,0.4350717576912269
792,0.1932120088237583
793,0.46508621808346867
794,0.46695990451210334
796,0.1920115472032258
797,0.48918906121910705
798,0.5180860113854578
800,0.34550183782769267
805,0.15631232960337202
807,0.2593974775451141
814,0.36373902766399424
815,0.5711276421008166
816,0.8114802124357199
817,0.40154181874799855
821,0.23700002085422142
823,0.3195811294553343
824,0.33580081045349247
825,0.1813744298473811
826,0.1810369582910282
827,0.27181445140503135
828,0.24128117173986618
829,0.37655300056555346
831,0.21424598629828787
833,0.18841789814359786
834,0.4052157633830311
836,0.880656608892137
838,0.4195066393321839
847,0.39073627983186815
849,0.41101870340813634
850,0.5009190957519994
851,0.33750896569895383
852,0.18079329630198385
853,0.22793032192484872
854,0.43172116904850927
855,0.5759026574579146
856,0.9500405052273749
861,0.43102529207376555
864,0.1911688463219492
866,0.19420941408883513
869,0.36798463785202323
871,0.7130710237373393
873,0.2329819430309167
876,0.18042405569950212
877,0.714024622684219
878,0.3725241343126745
879,0.5056470760473257
881,0.3983499757202359
883,0.6704297676301697
884,0.254208803728442
885,0.3561740912736696
886,0.9235633104356337
887,0.25926804935827535
893,0.3671179677458849
895,0.6424978231605056
896,0.452660286221788
897,0.5324051144445107
900,0.3992371281900459
902,0.22054879763222496
905,0.21600828583194895
907,0.1783279392621207
910,0.37469695622259025
914,0.4763709036235572
915,0.24194033876169355
916,0.7156297854662336
918,0.2862369341241063
919,0.8866078533410232
920,0.1802513509329324
921,0.36180244025851155
923,0.2267144079347041
925,0.8472382288902328
926,0.9738118737750739
929,0.3459149333891622
934,0.25044511131220554
935,0.37610100042612676
936,0.24007213125632573
937,0.7524505395526748
939,0.4620524216857931
944,0.28541302114551215
947,0.3387762144187613
948,0.8121158443217066
949,0.5053138516664483
951,0.9318563524620694
952,0.27175186675716556
954,0.29736600976648775
955,0.2769404114767993
956,0.3990451436909477
957,0.20857549515361384
958,0.2348778435228178
960,0.4201683989178275
961,0.47141618391608203
964,0.20624791657715802
967,0.24312009407219348
968,0.37432245510341916
972,0.3677248482264509
973,0.4183704298589428
974,0.037403521273335676
975,0.15765903157463027
976,0.24203595747787743
978,0.7005308862846126
981,0.3755326679379077
984,0.4055860680203094
985,0.8645688605400221
988,0.4181063149945711
989,0.4936448154427127
990,0.17058381486974697
992,0.20347444171393234
993,0.43148206715862125
994,0.21818513997176162
996,0.3767904048918756
997,0.2252549793210287
1003,0.41238391553403975
1008,0.34398325310856237
1009,0.49287270085654566
1013,0.18513821662850385
1014,0.3187253209788929
1016,0.16544107016336707
1017,0.1689486255830304
1020,0.22583979958609948
1021,0.9678560724101914
1022,0.250141215159701
1027,0.23454605382409424
1029,0.3199266806874253
1031,0.42012174184181433
1032,0.4601451315967311
1036,0.170637526940604
1039,0.47284638185132627
1040,0.8343510031535998
1041,0.16604905841935688
1044,0.7121448640558672
1046,0.2244234844328322
1047,0.3292834430009788
1050,0.43138366523661165
1052,0.330745996134196
1055,0.6562293072707228
1057,0.5147110164965413
1060,0.23789252415755074
1061,0.7356040048974472
1063,0.1812746955247778
1064,0.2703098628609687
1066,0.3922804433614847
1067,0.2584917021516521
1070,0.8753382444079901
1071,0.34320350784768394
1077,0.9183157081307617
1078,0.2263558004348779
1080,0.3397520519814743
1082,0.26312764173399694
1083,0.33098719003039956
1084,0.6896852852460758
1086,0.30443390366808065
1087,0.22582491875531752
1093,0.2825585169917315
1096,0.2867919728407965
1099,0.5088650998827823
1102,0.27095009289308614
1108,0.7546991991170039
1112,0.43622255589669745
1113,0.5795338220638939
1116,0.9549248795141669
1119,0.5078563646482183
1120,0.18707847782062828
1121,0.5733218227347272
1122,0.46630178274957246
1123,0.2642088170738447
1127,0.2379010908046318
1130,0.7884547029454273
1131,0.284422889908282
1132,0.26152846650075495
1137,0.4018068116750911
1138,0.7686177673755941
1140,0.16304668154357865
1141,0.478522292934412
1142,0.46762832488251405
1144,0.4718200874703019
1145,0.8110265522173838
1146,0.827309623920636
1148,0.8206469517611741
1149,0.36408047261281834
1151,0.4731115624948649
1153,0.5398263702360595
1154,0.8599677335903468
1155,0.8743429275699445
1156,0.30756503040204713
1157,0.49352083154225773
1159,0.37744780522888943
1161,0.26612278093730746
1163,0.7109094630484216
1164,0.3071189267184957
1166,0.885187093554849
1167,0.871919266308914
1168,0.4981798117033275
1169,0.8027943126944936
1170,0.34983526401805354
1171,0.754344140411888
1173,0.2304494236010258
1177,0.3572051399779875
1181,0.1579594160517083
1183,0.2666771251435086
1184,0.28399522217516837
1185,0.2419283730602069
1186,0.35766710439303456
1187,0.7849185570558641
1192,0.16699167189463665
1194,0.34710184909013964
1195,0.29293555000633664
1198,0.2983115397688921
1200,0.6084399085002209
1202,0.6892646962006145
1203,0.8911341193116277
1204,0.027449161501705902
1206,0.40916000273264547
1210,0.3082181164450047
1213,0.4525223459660074
1215,0.6088409873532494
1216,0.665474091625637
1218,0.27516907151250486
1219,0.44367953772781205
1220,0.2404288410609222
1224,0.43915449870969664
1225,0.7963153681128372
1228,0.969933508701811
1239,0.30599242061156257
1241,0.20862562824393457
1244,0.5928831407512976
1246,0.31408274385570495
1247,0.33865539456426025
1248,0.35787232704427574
1249,0.4133247000904758
1250,0.41560319730291856
1251,0.7207280665635715
1253,0.36884446787388064
1255,0.3228477286748905
1257,0.2897318479862778
1258,0.3208927253495809
1263,0.4758822399300264
1266,0.5026630623281645
1267,0.4700464796533745
1268,0.36198007178452163
1275,0.5003114695269469
1276,0.464343560401858
1277,0.6305048930610783
1278,0.7678060008867854
1280,0.4039259122753654
1281,0.46561263030460975
1282,0.6612415925169856
1283,0.4057662832368975
1285,0.8443225207144186
1286,0.22240564375781602
1288,0.27681617852404655
1291,0.4532493554261628
1292,0.9319384467506289
1294,0.480076302242753
1295,0.3437676285263743
1297,0.9829438087895856
1298,0.5298844816502511
1301,0.3168706533759447
1302,0.26742320295803523
1304,0.3744590194693584
1305,0.30400420188440214
1306,0.1606853281628215
1307,0.4510043368829764
1309,0.539932963967897
1312,0.5343933987665994
1313,0.9915571880513074
1315,0.4012640808657796
1319,0.41141473633375425
1320,0.605799431458873
1325,0.36005858735174123
1326,0.36313868830914636
1328,0.4646103813728508
1330,0.3217914322053275
1332,0.2680233544741917
1333,0.30270933243927073
1334,0.28436527214955704
1336,0.5227367462083774
1340,0.15592279165778303
1342,0.6389734849788248
1343,0.8169205301454795
1347,0.1942074387850054
1348,0.9879884556927917
1349,0.3494445158228701
1350,0.969868497412422
1354,0.49884382256906856
1355,0.24000102035391022
1356,0.16350181480907072
1359,0.8931008580245634
1364,0.3246655214474596
1366,0.5942739210797487
1368,0.977258663646225
1369,0.41061873803340776
1370,0.19739819211298243
1372,0.11074462156356459
1373,0.2583498813569364
1380,0.3381448767258838
1381,0.15786619285279865
1383,0.2976673900164633
1384,0.21899233690634287
1385,0.33616901878247285
1387,0.7553456646631491
1388,0.1910696117297878
1389,0.27514671156487663
1390,0.5404515589689185
1391,0.38956491878070654
1395,0.9538086640097465
1397,0.20363229689669834
1401,0.4629315019656601
1402,0.8460439622228085
1404,0.21888717077683933
1406,0.17803722974764058
1409,0.2744984596637332
1410,0.16518599424126046
1411,0.47425777329661895
1416,0.6990096690133933
1417,0.6021760518231821
1418,0.8169068851402504
1419,0.6767625970038849
1429,0.21434179567056041
1431,0.44652991706973416
1434,0.8786260343029293
1435,0.8634094299261511
1436,0.1748278808134566
1439,0.982966381674003
1440,0.40139331913145143
1441,0.5614073946291653
1444,0.8190003942278937
1446,0.3289711842714268
1450,0.296320126009065
1453,0.8493039472191626
1454,0.931010311926962
1459,0.15480329848128438
1461,0.19673024457446844
1464,0.498780963315406
1465,0.4278880876069492
1467,0.26176931654955193
1470,0.33043748776322696
1471,0.46437427125649566
1472,0.3962803384609439
1474,0.8661629271937532
1477,0.9651981682375897
1479,0.4857050392578093
1480,0.5227941831962147
1482,0.17531524168485177
1483,0.7965236034438937
1485,0.19541550095002153
1486,0.7599193711836463
1487,0.7398204708516916
1490,0.609144243271452
1493,0.1468680869603108
1494,0.2959925877147143
1496,0.5650348402729275
1497,0.9173904092478665
1501,0.6400249046343628
1505,0.4707387733185039
1506,0.8547199069811539
1509,0.1627353081103943
1513,0.3946668570804651
1514,0.3394494669094833
1516,0.4420553509661131
1517,0.1610711562135711
1520,0.41894046725630774
1521,0.22358427116266086
1522,0.92180903415368
1523,0.8259811023686997
1524,0.506301925431081
1525,0.1609780305112767
1527,0.17463310009121388
1528,0.9484672162985462
1529,0.9580809223986366
1530,0.7485787834769082
1531,0.6173856511843958
1532,0.6259877660134139
1535,0.39201714378938707
1541,0.41875944665077575
1542,0.404324691205697
1543,0.336180622124926
1545,0.4912465832965155
1548,0.47262595945265884
1549,0.4742783861391234
1550,0.23260715321225706
1551,0.7092654803618947
1556,0.4080092567387347
1561,0.5403503176700719
1562,0.4154214877785358
1563,0.4858688855815662
1565,0.3507187237696574
1569,0.699559931816275
1571,0.16098407709726
1572,0.3888669002530631
1574,0.3737345549598753
1575,0.25887223064709414
1580,0.9681655479475304
1582,0.9472585230204212
1586,0.9900209017170639
1590,0.20580025823559353
1592,0.5738133295955482
1595,0.2053112975731912
1596,0.880791774097041
1597,0.18801340366851063
1598,0.3668478199415919
1599,0.9440488272009202
1600,0.32760862904343463
1604,0.30405130085646564
1605,0.5869790845738749
1606,0.5350312031528265
1608,0.9252533249359509
1618,0.95363109164022
1620,0.7476067736753342
1623,0.21159090821269336
1626,0.4179849819758938
1628,0.4114388466650313
1629,0.6848071170855564
1630,0.44034558362552995
1631,0.2616756190311934
1632,0.9893339247354271
1634,0.9353889335225337
1635,0.4543419324188111
1636,0.5902443576966763
1637,0.2616884885134836
1639,0.5688137084746511
1640,0.3950766226432703
1641,0.12531393874275928
1644,0.8825316338484706
1646,0.5942531506998775
1647,0.19334237978752564
1649,0.34080441023336133
1650,0.19936292411521797
1655,0.1674102337902986
1659,0.9654654992074564
1662,0.02839759014075281
1664,0.3560016238486378
1665,0.2157273829511122
1669,0.38031551460547625
1670,0.5477659961219529
1673,0.670204998993421
1674,0.2669045096879543
1677,0.32929334253929354
1679,0.31739653325428796
1680,0.9262466833889837
1681,0.37967902361976885
1683,0.19965170249237932
1684,0.23679485468605055
1686,0.35904755832534907
1687,0.4506057679034036
1688,0.3273085591867888
1689,0.9621754743111693
1691,0.3529545585123415
1693,0.16238531654525729
1694,0.9767632293367787
1696,0.9498419897360837
1697,0.44594961264752475
1699,0.882708430373631
1700,0.23300560651734853
1701,0.3801546876877143
1702,0.305978482221195
1705,0.45901844510201656
1706,0.41111952728621953
1708,0.3392299354236274
1709,0.17947358167471927
1711,0.2047412110669423
1712,0.4725928865704813
1713,0.49128475372311703
1716,0.43692645867476176
1717,0.2258386647293443
1720,0.8078839159712882
1723,0.4846450109548609
1725,0.913805165780882
1731,0.42891820727426744
1734,0.36709037279821266
1735,0.34112110390073624
1741,0.25933319870614613
1742,0.9479666231087153
1751,0.6322764756537574
1752,0.49557250321253643
1753,0.2781941671171523
1754,0.4360251056947533
1756,0.48154342611199913
1758,0.8461183244023663
1759,0.4031146546738721
1760,0.5060141745934635
1762,0.19829867671963497
1763,0.958626316386589
1764,0.22690060179925947
1769,0.2537211052215774
1771,0.5158582431780028
1772,0.40733282387436154
1773,0.23861221790061093
1774,0.3868753161225224
1775,0.16790401121272755
1777,0.4686199592323794
1782,0.9946484717459266
1783,0.8187795637291718
1786,0.9233042399894528
1788,0.7921478408679936
1791,0.6430349536238023
1793,0.42264740677087936
1795,0.33541045086014715
1797,0.9805762578571781
1798,0.9640125652727405
1800,0.8947576223933166
1803,0.34036120732064346
1804,0.6564709764169722
1805,0.2045648321694653
1807,0.6873065305348305
1811,0.3138144493126931
1817,0.8855403493025733
1818,0.8758836820625113
1820,0.40698007824313714
1822,0.5391108551900752
1824,0.44265283323549454
1825,0.9107962167242806
1828,0.7492152806752429
1829,0.20730773618833756
1833,0.2524592212673654
1835,0.2822822133327301
1837,0.3344321485635052
1839,0.1796354647245442
1842,0.21589215023465766
1844,0.28556119089140464
1846,0.1883364963467645
1849,0.4595609607472959
1852,0.4198577927196713
1853,0.007684682727158794
1854,0.9098948903313164
1855,0.41275530688528567
1856,0.37185498642730325
1857,0.46431543521275054
1858,0.4451070693815497
1859,0.16019615315578914
1860,0.7394991018112452
1864,0.35488356101331736
1865,0.33974301704754256
1866,0.7563533739947503
1869,0.49898549599817543
1871,0.15766465093013102
1876,0.4149334156715923
1880,0.9266713091449402
1882,0.3347079084944855
1885,0.19083877462127324
1888,0.3719871724141743
1889,0.2679542671096977
1890,0.41031669751399064
1891,0.8274226719840635
1893,0.3763709856863751
1894,0.4139790808904839
1895,0.15973110450120845
1896,0.3330792952885601
1898,0.18424986940302499
1900,0.6992801341794933
1901,0.45282184197363295
1902,0.6243948955140391
1904,0.8148963690271543
1907,0.48440525131564216
1909,0.6873786281039099
1912,0.28430066299230666
1913,0.4078554012803573
1914,0.8666880925598368
1915,0.8491428677252443
1918,0.6402466314936898
1919,0.22438073958627505
1920,0.31665291471456775
1921,0.5215535376499469
1924,0.24064298258507577
1926,0.9610467092424931
1929,0.20226623849531256
1931,0.6357800760324298
1932,0.5700707616583263
1933,0.3587136622569115
1935,0.36535147000864354
1936,0.7320794586100106
1937,0.8817177004915349
1940,0.15879821820787637
1941,0.19970271621496874
1943,0.5475888176151722
1944,0.18429406493909245
1945,0.9944080724535175
1947,0.4335209339151924
1951,0.5409574488497131
1953,0.5717437344664927
1956,0.9806849633661127
1959,0.1703117006808622
1960,0.34180533253217166
1969,0.47621791181118434
1970,0.35596931626794187
1971,0.8720001887487829
1975,0.062246766125167476
1976,0.3829183281294974
1977,0.6020583437223402
1980,0.19795061408972242
1981,0.6647355908041548
1982,0.46317870056129423
1983,0.9856647814316595
1985,0.7019165662298575
1986,0.870147675038987
1987,0.8419886983246258
1990,0.38488153946407594
1991,0.5242598652190491
1993,0.9691073111201918
1995,0.9794056453661912
1997,0.9771574723126182
1998,0.5080488668004794
1999,0.8639833532175948
2001,0.7627121879204857
2002,0.36055884872527455
2003,0.1821493676425452
2007,0.4366665406237155
2008,0.6919837297191409
2010,0.7099582208876556
2014,0.15925737216198635
2017,0.5888705712212511
2018,0.9179183418194522
2021,0.35916065718385276
2022,0.3325860587630602
2027,0.6037015889656719
2028,0.22397877806283506
2033,0.2456544806955121
2034,0.44282805882692083
2036,0.5052839195852739
2037,0.7494222331955583
2039,0.44114055161398014
2040,0.29253053718813665
2041,0.22111328396574295
2042,0.17367329199935574
2043,0.1877915734721874
2047,0.9257479321204638
2048,0.4159246965710197
2049,0.21468353369479504
2050,0.39455325037392247
2052,0.9265481562688669
2053,0.803858309201534
2055,0.9542265817087661
2056,0.693492486419886
2057,0.5243833807805891
2059,0.31118682365206407
2061,0.1980927386102523
2062,0.35815131818950235
2063,0.3321570407275117
2066,0.8543918286333883
2069,0.3205558021564573
2071,0.9818069669267224
2073,0.04750497004305017
2075,0.9832606264053191
2076,0.33877821993069684
2077,0.46191781795296966
2080,0.33518032223197697
2082,0.8697388293515206
2083,0.9595661057424976
2086,0.6733486640681878
2089,0.7430244066833626
2090,0.3520879077833235
2091,0.7433932788159858
2094,0.6584993951037633
2095,0.4997651957429213
2096,0.779327724872236
2101,0.9715667556850326
2102,0.3860815021791798
2106,0.3824119279243566
2107,0.9054798183216194
2110,0.35633361912394934
2113,0.8874414202757885
2114,0.16358142873523962
2117,0.8782879128822277
2118,0.1794457756230519
2119,0.4198585841921379
2121,0.9849666717874241
2122,0.24474105414820116
2123,0.6848221435022026
2126,0.5880358666124494
2128,0.8571618551835469
2129,0.8929061275259904
2132,0.7589977663120656
2134,0.3366345389835417
2135,0.24946422586971695
2136,0.5855727506631427
2137,0.5004885045723682
2138,0.23037485404605393
2139,0.977398245703202
2140,0.26393889079783406
2141,0.7626456139488026
2142,0.4171148410587073
2143,0.43068906488735786
2144,0.973613445540813
2145,0.32895392886270863
2146,0.623611559711167
2147,0.40657510533747077
2151,0.7601664591104439
2152,0.8551632193406684
2153,0.41016912066934363
2157,0.1158431442222121
2159,0.6156712713373887
2160,0.5400351993306396
2161,0.6591486055679877
2162,0.4689888157220413
2166,0.7420424185562856
2168,0.9964311365421935
2170,0.3463008875985346
2171,0.31749503342603214
2174,0.6897172577229451
2181,0.2515660163978029
2183,0.33027847269742966
2185,0.6803505508958441
2188,0.40768630767283703
2189,0.9803644671296058
2191,0.7753032519332226
2192,0.916311036814099
2193,0.3304025785046872
2194,0.893977915641785
2195,0.21458518726359765
2198,0.6491619606367317
2199,0.3968260082782293
2200,0.5939685114098018
2201,0.02421955767121728
2202,0.9279795451246968
2204,0.9024391674202391
2205,0.4659063876192091
2206,0.3634247907279367
2208,0.4742536996944216
2210,0.21739837742377024
2212,0.5193081049286304
2215,0.9950572512445433
2218,0.7821910818735188
2220,0.9328510725991247
2221,0.7924464091206614
2225,0.9916916833542123
2226,0.3310132514455705
2232,0.4535343301553558
2235,0.3861648053711894
2236,0.5454862567929947
2238,0.4050864280754404
2240,0.9851231903992492
2242,0.47828866469759657
2243,0.9903264932554917
2244,0.4338557583617622
2245,0.3681556250448517
2248,0.6801645864436295
2249,0.49472448436889505
2251,0.2851580912461159
2254,0.8296372417641104
2255,0.3248187456480619
2256,0.19266968000868195
2259,0.24931898825869753
2260,0.9186812724841846
2262,0.20947866757521608
2264,0.9835134745966173
2265,0.9193932490726211
2266,0.16859281380563335
2267,0.41696906088393015
2268,0.6371760296192209
2269,0.8223399402379052
2270,0.35890212209301625
2271,0.501491279355657
2276,0.3946854852703397
2278,0.9012787355106594
2279,0.7116250258117116
2281,0.6725510177565638
2282,0.3547394646331908
2285,0.4124809851739778
2287,0.9462236862905162
2289,0.8142391608087205
2291,0.8126300208190614
2292,0.7583514870493938
2295,0.7367909427409544
2297,0.3595287247943084
2299,0.9339352448283031
2301,0.9956018240272031
2302,0.8650076569862867
2304,0.9126322461175274
2306,0.3360408379932266
2307,0.9136558167904101
2309,0.6638905154088526
2311,0.6127544094811533
2312,0.9963392970616275
2318,0.22376344498514417
2319,0.28675196767487654
2320,0.9896662693402679
2321,0.973604504851846
2323,0.17276768109913704
2324,0.3080812081074661
2325,0.5080318487601857
2327,0.645114299102259
2328,0.7999113156639639
2332,0.944966487020963
2333,0.27768947301024494
2334,0.7802302931185887
2335,0.8471365701213337
2336,0.8464157040842476
2337,0.3616978180909309
2340,0.6071454611399313
2342,0.9956727346319004
2344,0.9870499575444737
2346,0.5053622719370817
2349,0.4436770307132693
2352,0.1594981670656693
2353,0.4139241608352851
2355,0.5021795487370313
2358,0.2774861434209895
2362,0.4046988206843174
2363,0.3086813859081039
2364,0.46660242475074204
2366,0.49782783549384635
2368,0.6008886594418877
2369,0.432291864233426
2374,0.7290290939551669
2377,0.9175493490184776
2380,0.6802179121321147
2385,0.24956396399598416
2386,0.1986214269984337
2387,0.30348895082174754
2389,0.301604072277765
2392,0.3091150151987205
2394,0.5024613552731966
2396,0.6257033279814329
2398,0.48772519788135876
2400,0.5048037579457753
2401,0.21701562425941415
2402,0.7099436838351872
2405,0.15949640967541243
2411,0.3232971414947244
2413,0.7212161148690103
2417,0.9840219091545743
2418,0.9188029350287428
2421,0.38757053565054517
2422,0.26485715903919815
2423,0.23938737150863626
2428,0.9831429372922169
2429,0.6259839827710976
2432,0.3320862986914698
2433,0.36712579359871894
2434,0.3906363057240076
2435,0.3317290404839385
2436,0.2800185483930331
2439,0.20487289452083454
2445,0.8416912014167887
2446,0.9557307771332756
2448,0.7151231323166101
2449,0.8037833177165358
2450,0.30377673019062107
2451,0.2415970174827703
2453,0.86028009739173
2455,0.7646952399475979
2456,0.9053110254696332
2458,0.7216943344378205
2462,0.5673951300361025
2465,0.9076392795310391
2469,0.7745745230142035
2472,0.4984017211779238
2473,0.8579474275995252
2474,0.7062664020647212
2475,0.7985895898109323
2477,0.4513718744633911
2480,0.37368579693720805
2482,0.9802117472429736
2483,0.9184373053711761
2486,0.1640790572761462
2490,0.21480286105600602
2492,0.993251241093187
2493,0.3702230599131535
2496,0.20282038512822972
2498,0.37935644566387494
2499,0.8437515784746632
2503,0.5205540674700816
2504,0.32263935979308916
2505,0.49191335398308966
2508,0.6999833555186767
2509,0.9600196711624142
2511,0.66444474656421
2512,0.4174208252860794
2519,0.9495877278500867
2521,0.7235200000546825
2522,0.2200452705786974
2524,0.22068388598666763
2525,0.9727884827133217
2528,0.9632351933065318
2531,0.808312540106961
2532,0.2972140388860206
2533,0.1957193979739104
2536,0.7175774157951569
2538,0.7317539213778564
2539,0.15661789529638906
2540,0.3429723897889029
2542,0.7300298632241599
2545,0.851706745144714
2547,0.18056278688269908
2550,0.9905254138294589
2552,0.2444955763322808
2553,0.35073315777522673
2557,0.7827697966794214
2558,0.15735200333157773
2559,0.9992757093804423
2560,0.15955998772632185
2563,0.9634589906196905
2566,0.9358562282022219
2567,0.6838899609944551
2568,0.7762543294760388
2569,0.7657917228686639
2570,0.3837009954428994
2573,0.46053426256446417
2574,0.3635110455647892
2576,0.9756780684388577
2577,0.17265816695808325
2579,0.17925359370245747
2580,0.9988359081117157
2581,0.49056039105293586
2583,0.6666534723198756
2586,0.9500335181897833
2589,0.9841416294526897
2592,0.4592184211994849
2593,0.6467965667191651
2594,0.9777631120265671
2595,0.49506856159234874
2599,0.640125932018921
2604,0.16793945007012254
2605,0.9464102904053442
2611,0.8373490630158701
2613,0.6993693133110624
2614,0.5169007044287279
2617,0.9900574713302098
2618,0.7567992208639608
2619,0.32733172042476427
2626,0.22118010111107864
2627,0.2523379141532751
2629,0.8572230354178434
2630,0.8752407184081691
2631,0.6780338415328462
2632,0.37612102926401303
2636,0.8702435327819172
2639,0.957476534055248
2640,0.7423538694020899
2641,0.752340968486044
2642,0.9690358014814364
2643,0.16258255568164698
2645,0.23695070018773237
2646,0.9361716840972797
2648,0.2478730365224992
2653,0.4947453335726169
2656,0.9794228329570205
2658,0.33071988092233523
2659,0.9922630952970188
2660,0.19121861510054894
2661,0.9817637880704881
2663,0.49299789199865784
2664,0.937653260605775
2665,0.9842701224541762
2666,0.9905442072037106
2670,0.8075221328108166
2671,0.29137793645255133
2673,0.257610491283306
2676,0.5868018008838396
2681,0.9434266936424542
2682,0.727340695938212
2683,0.7754662864487814
2684,0.034719872495917715
2690,0.9924944776255178
2691,0.7861063361142273
2694,0.011601447193819696
2696,0.33516706811312896
2701,0.9798525300895321
2702,0.8251625460477365
2703,0.9049375942362186
2704,0.7311225666496474
2706,0.24037928932002603
2707,0.9813364722830502
2708,0.4160289415219263
2709,0.8483994719503326
2710,0.46566119902794373
2711,0.5158746366602475
2712,0.35162303895528396
2713,0.22723602787186598
2717,0.41913921415402233
2719,0.4320788796293253
2720,0.8086996064958711
2721,0.3792164328804262
2722,0.33953621541351686
2725,0.6603492004155455
2726,0.8311045796190982
2728,0.5942253730380247
2730,0.889205218770683
2732,0.7237724519686022
2734,0.7571791347758632
2735,0.7345942017405693
2736,0.6900178317288999
2738,0.5651052656813813
2739,0.20078077762130767
2740,0.9764321855837212
2741,0.4922062234202752
2745,0.48037486005643326
2747,0.4936447042611982
2748,0.7981259047036346
2749,0.9982540694083127
2752,0.42819267389774046
2753,0.842529174740148
2754,0.5692001559242639
2755,0.9884120230002624
2757,0.499829346905433
2759,0.929806705796314
2760,0.9149647970096269
2768,0.930232217376464
2769,0.9890378701234822
2774,0.40121458849792413
2775,0.329711787751813
2778,0.9169861812551006
2781,0.7746743279505786
2783,0.9974651854522738
2787,0.5561774052247994
2790,0.5180348232013129
2791,0.3366245056664645
2792,0.9581466583443636
2793,0.6202794415744228
2795,0.48683125355279205
2796,0.8919510775207745
2797,0.7972159743148391
2798,0.48641057490640816
2800,0.34535552012353404
2807,0.9833792065306006
2808,0.5348220659460391
2809,0.9139888325025516
2810,0.507194851699026
2812,0.3714554928379064
2813,0.9964196117326384
2815,0.6976528011658831
2817,0.3730747746673807
2818,0.4786530998745465
2820,0.8749591637255332
2822,0.7402141679697807
2823,0.7697651081097472
2824,0.43802091562410045
2825,0.44280901819289303
2827,0.9409051377276401
2828,0.9111233214506658
2830,0.29957903604519476
2831,0.8772961748253232
2833,0.7868581530652475
2834,0.7107021687552926
2838,0.13130147016467325
2839,0.4437189966004721
2840,0.9534121812111902
2842,0.9671806189381501
2843,0.8161257505011801
2844,0.3630975889590271
2845,0.3702200963143797
2846,0.19554823323109746
2849,0.4503806249593071
2850,0.7464560629642344
2852,0.3344847835102384
2853,0.2671554673933066
2854,0.5035161115972685
2855,0.8686270538879219
2857,0.9220675062981154
2859,0.48623589386270666
2861,0.8526586414857407
2862,0.9639815022922711
2864,0.6253076176207422
2869,0.6461975389916667
2870,0.9700643469047806
2871,0.9574529552674013
2876,0.884011799124059
2877,0.9981441763402293
2878,0.7668359359683761
2880,0.9375285076619098
2882,0.48570384039746256
2884,0.9823191711645829
2886,0.954499419155602
2888,0.9741429899051924
2889,0.607026821612213
2891,0.9601649620689517
2892,0.9740425987014935
2893,0.9899702759099646
2895,0.28415904986208873
2897,0.8727319231169068
2898,0.9347420082644413
2901,0.5120940897709885
2902,0.7993872627841251
2904,0.8155949551368771
2905,0.9914553383141471
2906,0.21101397365611313
2909,0.22368015299900904
2910,0.6833425621178841
2912,0.8673654443969918
2913,0.4473751537817324
2915,0.7185259667451778
2916,0.22923078998555932
2919,0.46969235456758057
2920,0.7789268098698032
2921,0.4587080501669823
2923,0.4324494609646705
2925,0.23381131430230673
2926,0.39313127721821967
2927,0.9934443799779459
2929,0.8725226809242105
2932,0.5321269958741733
2933,0.9577817168844995
2937,0.7349745740556879
2938,0.9897713863792889
2939,0.9611265584420123
2940,0.5193457224205963
2942,0.98432634739527
2943,0.9135395214339672
2945,0.44447615824997355
2946,0.9869014446528299
2951,0.32780186810714107
2954,0.9470082837475905
2956,0.1779252189401114
2960,0.3649183956377039
2962,0.5321793033209169
2963,0.40589338544983466
2965,0.7359632671534878
2966,0.49813470658497383
2968,0.7785986468327263
2972,0.4454830799205022
2973,0.9540693319444208
2976,0.5314455446055523
2977,0.3398921989379536
2978,0.5472232336734639
2980,0.8909649091204458
2982,0.439524431283207
2987,0.908115009300686
2989,0.9971353054792191
2991,0.7271400738164533
2993,0.9198611378401889
2995,0.7414164623557339
2996,0.7539690083459218
2998,0.9991291092994801
3000,0.5409303152073576
3002,0.8480287764516014
3003,0.9750370406983745
3004,0.9864956714498201
3005,0.8326662442689701
3006,0.29891330746257505
3011,0.38440150545997204
3013,0.4767682160413837
3014,0.9356983814509946
3018,0.9725778815491877
3019,0.9913772188683405
3020,0.904580344716064
3021,0.7446129286071643
3022,0.4799690209528236
3024,0.6953323237045548
3025,0.5278087431328897
3027,0.7919814346256614
3028,0.6319446124315017
3030,0.9301020014845697
3037,0.8921616946105226
3038,0.7113030628252681
3040,0.31802229698101586
3041,0.9991467007081181
3042,0.3328041403005627
3043,0.2619294957539768
3046,0.9945828675917564
3047,0.8649709959830731
3050,0.8421024211730885
3052,0.7220681182451887
3053,0.18886264226904836
3054,0.7317276640302108
3055,0.3066174985633334
3056,0.6646154315140952
3058,0.12240323784625004
3059,0.25523816775901054
3060,0.9976453733767976
3061,0.8848052556314752
3062,0.9770050873034151
3063,0.9294970752241368
3064,0.9951637322464547
3065,0.20635498325657853
3066,0.323744872616061
3068,0.4363159899448201
3069,0.2578657364792049
3071,0.7211974644207296
3074,0.9918254093458833
3077,0.5025311687204285
3078,0.871311765117068
3080,0.8800051754820896
3081,0.6242317481462447
3085,0.2718900407537783
3087,0.9911444896359436
3093,0.865046744076671
3094,0.7059210732801007
3100,0.4625871459317789
3105,0.3396139748016137
3106,0.9926813152081759
3109,0.614783880028502
3111,0.8013454500710477
3113,0.9788871383796048
3116,0.3514929348394674
3118,0.9953309092908263
3119,0.25307865811641683
3120,0.06983295247924748
3125,0.8407225343161939
3126,0.606648453549503
3128,0.32166896490559116
3135,0.9997789568548208
3136,0.8998231390770433
3138,0.8668306971261986
3140,0.7793008190988172
3143,0.355421356417288
3145,0.8017553902983555
3147,0.6226103242898312
3151,0.9949613094645179
3152,0.7323939803764713
3153,0.641484187920854
3154,0.6617262463840725
3158,0.4123358407406909
3159,0.7209525773034036
3160,0.6047926030664461
3163,0.44814414030970134
3165,0.9926636209574116
3167,0.4203516466807978
3169,0.7501857277293141
3172,0.5640351374697057
3173,0.7522532724638847
3174,0.9184267556960082
3175,0.938361696816275
3177,0.7868193624161162
3184,0.9799113114308714
3185,0.793340742427843
3186,0.8756330162617051
3187,0.6990313746817945
3189,0.9452921435412031
3190,0.648545581490368
3191,0.6577895399568376
3192,0.699140172492297
3193,0.8594783824183517
3194,0.20474906340596466
3196,0.9702717097154968
3197,0.9731304003739012
3198,0.972644736636326
3201,0.8162134550264656
3203,0.16124020667878047
3205,0.6516839879648944
3207,0.4988060600480758
3208,0.8820343448221578
3215,0.6839160065967372
3216,0.944207346590696
3217,0.38361366451754153
3218,0.9964576783301452
3220,0.9579617937436383
3224,0.6316737957512096
3228,0.9898792749927232
3231,0.6609401740741085
3232,0.34491483768470915
3234,0.9971383103199882
3239,0.7345775585287785
3242,0.9751522370891236
3246,0.08573692541573419
3247,0.1612642569199497
3249,0.35063607872307684
3251,0.9852789410457284
3257,0.7119912829921092
3259,0.5361973385182428
3260,0.8634649188442022
3261,0.7675728526079604
3263,0.8007878343408081
3265,0.45898755426281107
3266,0.7972660615742037
3267,0.8304564302904563
3269,0.9946255946455418
3270,0.7064913709635622
3273,0.9921214590172108
3278,0.9537408217891319
3284,0.7201104388342077
3285,0.19934840928832337
3287,0.37546826742251316
3288,0.8790774485435117
3291,0.2678745428993707
3294,0.8882293401143916
3295,0.22264328368383046
3297,0.2338122366554947
3299,0.5267586531148206
3302,0.7335249446854352
3305,0.9964426230217986
3308,0.9903268477184141
3309,0.5947731108138193
3310,0.6044814593967005
3311,0.2944575747303637
3312,0.2787599613074319
3313,0.9902205768939615
3314,0.34633213313605743
3315,0.4609668393200556
3316,0.9788407596801574
3318,0.36758669645490577
3319,0.995001220861391
3320,0.5590171174294164
3322,0.9744648603481575
3323,0.9833672621892365
3326,0.8872077647593081
3329,0.8867591516381953
3330,0.06602731486074943
3331,0.9016152946276704
3333,0.8910465455829738
3335,0.9762137188245357
3336,0.9537194122189964
3339,0.21556148524889837
3341,0.994463788248596
3343,0.9422926433432156
3344,0.7113045372897079
3345,0.21926510357695045
3347,0.9681227343118711
3348,0.37513782397524137
3352,0.9746735232892887
3353,0.48454423538190244
3355,0.4325370880514033
3356,0.8402732211644756
3357,0.9891056776049975
3362,0.9347932989286811
3365,0.3708507751236641
3368,0.8933596428916152
3369,0.525805711793111
3373,0.35286580447634885
3374,0.6816101305700025
3376,0.9783132837325503
3378,0.8933026209380573
3379,0.9937763957181946
3380,0.5613014912339364
3381,0.7407565348169391
3382,0.9826926679987058
3383,0.9838479966083397
3385,0.8693351104544104
3387,0.6614949207187325
3391,0.4276365595674187
3393,0.24652301980326632
3394,0.9978677846861164
3397,0.9494059106502153
3399,0.983096277448321
3400,0.5202400281102431
3405,0.4482116613643645
3406,0.9996209807230477
