2,0.24199611214551506
3,0.159408489103818
4,0.2162877691384335
5,0.3909504284363855
6,0.5061445220322933
7,0.24465397800137115
10,0.19053909230969052
11,0.3180820488810557
12,0.016473754553429087
16,0.28266063833294214
17,0.2715101896394043
20,0.3662723761284031
21,0.22202802173896322
22,0.23582042929184044
25,0.22974738366506103
28,0.1774228194672568
29,0.15569797094100024
35,0.3170361847662551
36,0.30432626827517717
37,0.2401658286017432
38,0.2224119078915989
39,0.17973886561824576
40,0.21461073769042344
41,0.3652068078185331
43,0.1714108299019059
47,0.33159193874584275
48,0.24432358724032277
51,0.15278943464787628
54,0.2393623066207907
55,0.17793809242471575
56,0.17709620869996118
61,0.3362060548923293
62,0.2987290395530101
63,0.16937896610330794
65,0.20759973926149292
67,0.1816807122968277
69,0.19041354255531273
75,0.4071085114778676
76,0.16566389541909704
78,0.30873322873046355
79,0.365548705442458
80,0.2837977840695553
82,0.17737019156601494
83,0.3067634823106095
84,0.21906874683746735
90,0.4619445224625792
91,0.44724869001492046
92,0.17912273325428876
93,0.27122615317404003
95,0.19161212452197296
96,0.18683027169578834
98,0.1733486785817962
99,0.5075060901188846
102,0.2184375405323572
104,0.34675712550167787
107,0.23310436195742681
108,0.1705159365233422
111,0.19861042332250256
113,0.23427838339639528
115,0.1708536577264857
117,0.45089763690107976
118,0.4092296449124496
120,0.21705642736992897
123,0.23527225608514607
126,0.36472585013542336
127,0.26613610577906666
128,0.3626918289287497
130,0.49928199300367826
131,0.5093010668398084
132,0.18010202442452647
133,0.20434241176660017
134,0.18832371681253757
137,0.28773598379200543
138,0.5620091350564231
139,0.21644286213228947
144,0.4685201441627055
146,0.20849313166488936
147,0.274375386920358
148,0.17917419707396093
149,0.18471831893007262
154,0.22371423594805573
155,0.4536091340712998
157,0.1621376294148344
160,0.5009255068991101
161,0.2742403085279523
162,0.31010935022278907
165,0.19081096689471558
166,0.19027584006996107
168,0.1834058441725023
170,0.22324523222857598
172,0.17827744988549676
173,0.16576456691093
181,0.15343691575795207
182,0.42089766179771776
183,0.4312517044366562
187,0.39285968164450324
190,0.18175310265899672
191,0.2218699234736341
192,0.22007545019810154
194,0.32673806281084444
198,0.23533696542319682
201,0.29281256101596714
202,0.19489658032645915
203,0.23053257765368212
205,0.16134924562012531
207,0.6681952521507388
208,0.1577161181362454
210,0.3042305727066669
216,0.2686421934957864
217,0.17370403279194394
218,0.32976420213174457
224,0.20937085132912336
225,0.2842505831955455
226,0.2589516688675123
229,0.5048132650234144
233,0.6077565416122597
235,0.27555604704191805
236,0.22961841238529007
237,0.27599672835759453
242,0.23702195337026713
243,0.23451949313395168
245,0.2513613025676182
246,0.17820960101133196
249,0.5147946615770348
250,0.3169854862575183
251,0.4056512867862755
254,0.1724176927847267
256,0.16424635541840563
259,0.24132172423337253
261,0.9918971416747309
263,0.18625716062274625
265,0.1575612599085355
266,0.725836846222215
268,0.1962097482528685
269,0.43389022563949436
272,0.4893528614641256
278,0.22140989558026564
281,0.17617421515109394
285,0.26597605336404395
286,0.2855372424461221
293,0.1566652621465845
294,0.29374805427752226
295,0.16319017957462753
302,0.22963826232811638
303,0.5105564183115605
306,0.24717842817579563
311,0.3394642583127649
313,0.17028775888586842
318,0.34310069989067227
320,0.3077625745441714
321,0.27744494030927774
324,0.16967281646005775
327,0.2563702917816637
328,0.17164849971297858
329,0.05180203094678481
330,0.22308547449907914
331,0.2117602770924598
334,0.22902367472211277
335,0.1634342480721537
336,0.2647200662605086
337,0.17632706239855814
338,0.8931848175758565
339,0.18759491361643524
340,0.3335733458698875
342,0.17739608890509387
346,0.15799669120249318
349,0.519569722804043
353,0.5441738925217648
356,0.1939180190946306
357,0.1878213179308422
358,0.15970897946409957
360,0.2184896475047759
363,0.24920442449855476
364,0.17041740798537622
365,0.25401338193851475
370,0.3441411474679247
373,0.28174535472572265
374,0.17982380387866886
376,0.24330288465548264
377,0.38546252870545966
379,0.3223308728327915
380,0.18093013520122406
381,0.16652730382867947
385,0.22369748250492064
386,0.6414641849801237
389,0.16967567707754846
390,0.1801448394110248
391,0.1728668967134291
392,0.15755613492225304
393,0.36097841004311965
396,0.25234984604894306
397,0.3039105039805462
398,0.1628958237767417
399,0.440760513084832
400,0.1953196959231408
401,0.1857772344964936
402,0.1724737923028786
404,0.2753284220101622
405,0.448758601793992
406,0.41281211920591027
413,0.18894510298908496
414,0.16270926299835986
418,0.23590712260490698
419,0.1974646232717271
420,0.16419316463766156
422,0.2334885583532166
426,0.2263898775313423
429,0.16366706693177097
430,0.17460189793454914
432,0.23844652213944834
435,0.2657913310807535
438,0.6049002032943583
442,0.1658207399167531
447,0.3724185626039232
448,0.21477762135648815
449,0.36515498021555787
452,0.22100906951751909
453,0.6624173537751691
454,0.16800634263783445
455,0.40468518454539704
456,0.21696627747289535
459,0.24798968221468073
460,0.2714749233988551
467,0.2978923446160455
468,0.30635423641553694
470,0.25368275125886136
471,0.336268201309616
474,0.3641717328094225
475,0.2221297253588838
476,0.1672840168977678
477,0.27341071993244376
478,0.20786396664532078
482,0.22263391202251068
484,0.18386116390382856
485,0.169313107247346
488,0.2294216757942245
489,0.3930614585699013
492,0.9765502344852941
493,0.2227961065162405
497,0.2433382679509709
500,0.4617583414274769
503,0.43412125337753793
505,0.1768507560568556
506,0.19499451944300625
511,0.2564450616171616
513,0.21240849254220284
514,0.5203879809440821
516,0.2478872257895129
517,0.4574355301210022
518,0.4686083137257267
521,0.21421230546098194
524,0.17557278338707244
525,0.3711921197403441
526,0.18039860638890312
532,0.30400765754607256
535,0.026607954597530396
537,0.49142632644688156
538,0.17786794656611682
540,0.23579015785489718
541,0.20213144059557966
542,0.18433284174607675
546,0.21277841472702405
547,0.41306975020754455
551,0.2033438746916321
557,0.3053445147476528
559,0.3276862151443106
560,0.673323912117531
563,0.8393239734401897
564,0.1800173707370136
567,0.18271622859538458
570,0.19424925584835417
571,0.32428941474253925
572,0.15554076098724953
575,0.2364824512712486
577,0.1704983788207041
578,0.2847747775019014
580,0.5541863112989479
581,0.21778940983190537
585,0.4239908084314621
586,0.3668051662688692
587,0.9108928261413289
588,0.4139276240216501
589,0.725965885124409
593,0.2518329773757426
596,0.17317595082699003
601,0.5163879042739141
604,0.46250319229791176
607,0.23984044002219215
609,0.29431594494175245
610,0.33288312478705195
615,0.3924662796038323
616,0.42479056500589696
617,0.32208709956421144
623,0.2761699263171342
624,0.3394184437880414
625,0.32791229145461986
626,0.2528686730069971
628,0.2685623781612674
629,0.5078368378293482
634,0.2732321862514201
635,0.41373131518486617
636,0.2393493783194936
639,0.24599269655860112
640,0.3666343244678075
641,0.5752008909876465
642,0.22867704349739273
646,0.2931987630846071
647,0.34067473113034363
649,0.18807785174717612
653,0.46770840524916535
654,0.40304931994491505
657,0.30508190654908257
659,0.3751097100043082
660,0.4582390295109599
662,0.26615503213017433
664,0.231550373421534
667,0.2671891206696722
668,0.27513261160439356
672,0.22082004857052454
674,0.2780347187139696
675,0.514556030425099
676,0.32851315575902335
682,0.17072308147643137
684,0.3299619445071868
685,0.36478924561403203
687,0.19487928466973
689,0.466084929822454
690,0.3226180136161845
693,0.49261797654211265
697,0.3995266394196865
698,0.23831035081736462
699,0.33660941384041293
700,0.18718805344882564
702,0.20691344258026984
703,0.2380046302801557
704,0.39960697956067354
705,0.3491421013561112
707,0.341106519327879
709,0.26247557670812566
710,0.20181886060054252
711,0.18393590035524712
712,0.2070919274785497
714,0.32636737054752607
716,0.604938333704476
717,0.19971205497118677
718,0.44900167236617367
723,0.26627072191314216
724,0.22079890446269168
725,0.1605742623530169
726,0.34173246004453145
727,0.5153418649668031
729,0.17662088969052323
731,0.1966483915576887
733,0.1783897406805252
736,0.33380648716597305
738,0.23493179243465467
739,0.3727874179731228
740,0.4743528019428691
741,0.4361435170952159
746,0.3799971665553261
748,0.4257742392874451
751,0.710773885613859
753,0.15706453185674027
754,0.3572895429157529
758,0.274457884576343
759,0.17551310744669094
761,0.20373765549323633
763,0.20302764177012678
764,0.8681020195204553
767,0.1587248389215761
769,0.2467096356923609
770,0.17919240515416252
771,0.3807378906615112
772,0.26675361950131843
774,0.40090869782530164
775,0.1967958157640076
776,0.18328387944008742
778,0.9480071422536438
780,0.48311015820305125
781,0.27047124702580394
785,0.4272275936552749
792,0.1903290764328518
793,0.46569114710514786
794,0.45332464030165015
796,0.1901679342709415
797,0.4934172453706024
798,0.5218647945476317
800,0.3433815369646209
805,0.15620948440769145
807,0.2533981449200556
814,0.36094742655574535
815,0.558892935846543
816,0.7978634485493897
817,0.39430213947319076
821,0.24394713728171183
823,0.3319849644302639
824,0.33259597179784417
825,0.17937613277677422
826,0.18251813298783987
827,0.2766124700305667
828,0.24365830197723068
829,0.37906355976548445
831,0.21589053702685362
833,0.18594906022008437
834,0.40257850018560803
836,0.8766283265248033
838,0.4190039135588938
847,0.38151421112923284
849,0.41022608652856357
850,0.5116534405566074
851,0.35351541573666606
852,0.18103349481920683
853,0.2308825205988687
854,0.4341635929480902
855,0.5589698213933547
856,0.9451470963434332
861,0.43688463453817183
864,0.19172549849327292
866,0.19500971620670882
869,0.3626058347250437
871,0.709786458324122
873,0.23318484895171915
876,0.1795171150632791
877,0.7130056796729798
878,0.36159830580608593
879,0.49662130200498933
881,0.39765584019330547
883,0.6733821896868576
884,0.2541233693926654
885,0.34536341034278834
886,0.925318538153738
887,0.2733803669618224
893,0.5036846171863264
895,0.6169388442034841
896,0.4408659684758802
897,0.5458805038855974
900,0.39544941093858377
902,0.21928439854034895
905,0.2203486967488775
907,0.1786484297780735
910,0.37645344083805093
914,0.4810469728165698
915,0.24274586727933212
916,0.7019510780053091
918,0.2869277595202213
919,0.8889467123239789
920,0.18088892249640548
921,0.35728511046055494
923,0.22694153427291366
925,0.8586984971429603
926,0.9736879745933078
929,0.33909609180710704
934,0.24554375791006408
935,0.3655137372633959
936,0.23855124250943366
937,0.7520798740093376
939,0.46133982080575486
944,0.283127658183741
947,0.34349271353133615
948,0.8088452853611957
949,0.3692549517386649
951,0.931710279650405
952,0.26859865866025395
954,0.29744602011966803
955,0.26436017962806035
956,0.4016059385323407
957,0.21017966198304133
958,0.2355694049598356
960,0.4249520939506488
961,0.47734757191303695
964,0.20918122643426415
967,0.24201851907493668
968,0.3844632769179789
972,0.3538171742272283
973,0.4154842257777432
974,0.034491378953514826
975,0.15775116884973797
976,0.24754615767061097
978,0.6979998611862375
981,0.3730609108675154
984,0.41554093740745307
985,0.868652541026643
988,0.4274536175462403
989,0.34081806986999086
990,0.17090918105192868
992,0.20375697726902775
993,0.4313320542132751
994,0.22138214478261595
996,0.37157212762160535
997,0.22354990337935227
1003,0.40247888115158176
1008,0.3313440721348764
1009,0.48461974453727646
1013,0.1811178450598023
1014,0.3262694341731169
1016,0.16562983315213867
1017,0.16957231753045895
1020,0.23068561086542133
1021,0.9675665680013492
1022,0.24838000312139893
1027,0.23705250088832172
1029,0.3224542287077352
1031,0.43225888377016336
1032,0.46287641730562173
1036,0.17051017230886506
1039,0.35705708805707176
1040,0.820984939736574
1041,0.16580826487134173
1044,0.716409799263788
1046,0.22511752087610115
1047,0.4023944463856926
1050,0.42855920572419576
1052,0.3259041525990355
1055,0.6610122160676746
1057,0.5187601825234098
1060,0.24037438001831998
1061,0.7354960798121718
1063,0.1815798999762149
1064,0.2692723263011541
1066,0.3894068223230743
1067,0.26095471430860184
1070,0.8735726931305715
1071,0.3406318793188316
1077,0.9209496391099875
1078,0.22499809377223776
1080,0.3399349948177344
1082,0.27047344296249004
1083,0.3970138542145517
1084,0.6971872646482995
1086,0.3089270116474836
1087,0.22809343265802573
1093,0.2775709133829503
1096,0.2897780071208401
1099,0.45454450699270904
1102,0.27635790103375335
1108,0.7635807385200991
1112,0.43623304067611723
1113,0.5794239852917128
1116,0.9548250322160265
1119,0.49556359747823037
1120,0.1900392138161085
1121,0.5928847755118596
1122,0.3270751104602184
1123,0.26383001412952517
1127,0.23724893256457125
1130,0.790621285388767
1131,0.2784725847958378
1132,0.26256016418877715
1137,0.4106467087147414
1138,0.7700896046851502
1140,0.16291103464458112
1141,0.46119561031970036
1142,0.32789561399140726
1144,0.47712929910623253
1145,0.8111796957056007
1146,0.8234540775613196
1148,0.8185757472991941
1149,0.4925957749544508
1151,0.35851664205065503
1153,0.5375135452384754
1154,0.8553198443046259
1155,0.8759089144395563
1156,0.30657861964288036
1157,0.3415210093853278
1159,0.38232060779175997
1161,0.26986622245879605
1163,0.714771973672235
1164,0.30559089067879897
1166,0.8893213445448929
1167,0.8748201049718207
1168,0.5091900551826392
1169,0.8171484072528216
1170,0.34693183011207
1171,0.762348988550155
1173,0.23105586788512703
1177,0.3551854658446869
1181,0.1578274749636664
1183,0.2660059327998708
1184,0.2911447428780182
1185,0.23822723799329346
1186,0.36536058906100616
1187,0.787157534217957
1192,0.16603550545742266
1194,0.3688980996502872
1195,0.2949443509488776
1198,0.2952238051215328
1200,0.6170176926527698
1202,0.6884760679071853
1203,0.8977879967365794
1204,0.028310649886659062
1206,0.4056817104621403
1210,0.29871576290259905
1213,0.45228867482831747
1215,0.6186144538732515
1216,0.6717885160365785
1218,0.2730240863183208
1219,0.4491302827731694
1220,0.2387661939391747
1224,0.44762085643170746
1225,0.8116648393625435
1228,0.9715317183339176
1239,0.30915693236042785
1241,0.20935043566488842
1244,0.5906421237581309
1246,0.3137655247874734
1247,0.3446288277932867
1248,0.37431560565191235
1249,0.4121363310893125
1250,0.4191129001581348
1251,0.7217194968413726
1253,0.3708687764173375
1255,0.32446388358447553
1257,0.281788591443074
1258,0.3190151177764077
1263,0.3385711592384982
1266,0.3531114640825611
1267,0.4611258130648163
1268,0.4092585565676198
1275,0.36827708982156987
1276,0.4766398734836477
1277,0.6367259465983177
1278,0.7741075068370274
1280,0.41808692278310877
1281,0.47140828186896777
1282,0.6591102558215021
1283,0.4139845552327769
1285,0.8416126099344796
1286,0.22333455161823387
1288,0.27960460797298947
1291,0.44686689267148494
1292,0.9330393511306668
1294,0.47368894333565426
1295,0.335681294229482
1297,0.9836900564933448
1298,0.5338828562941662
1301,0.3077191981180325
1302,0.27078960403745117
1304,0.3749210816405182
1305,0.30659380708033507
1306,0.16008230265589257
1307,0.4365248940547943
1309,0.540454925405638
1312,0.5273547523607186
1313,0.9918217816944712
1315,0.5185787578299276
1319,0.4196550730877396
1320,0.6046905910007415
1325,0.35693819405791655
1326,0.3551974958784913
1328,0.3304276939847434
1330,0.3284736997527825
1332,0.2721589494657671
1333,0.30648572481853553
1334,0.2849652443145863
1336,0.5269482695519947
1340,0.15587130961739268
1342,0.6285120826871862
1343,0.8154392630948157
1347,0.19417826012124337
1348,0.9864212170335166
1349,0.3468128247865649
1350,0.9695998565926293
1354,0.38336243757322214
1355,0.24454619430960545
1356,0.1630970697522357
1359,0.8913908423337804
1364,0.31238579368865993
1366,0.5964632554051068
1368,0.9755412622539519
1369,0.41814904435274086
1370,0.19649942479084984
1372,0.10489743981497798
1373,0.2559951643414281
1380,0.3371984975575991
1381,0.15795148246541799
1383,0.29846458667885056
1384,0.22047788760895967
1385,0.48794351200606
1387,0.7576565722721642
1388,0.18994478706025736
1389,0.2748462739136218
1390,0.5215340591105667
1391,0.3888393533290147
1395,0.9541300795964847
1397,0.205452461269307
1401,0.46247359111388076
1402,0.8544882686529167
1404,0.21697236535803238
1406,0.1767049417337439
1409,0.27247311247725037
1410,0.16575435593772556
1411,0.4666958247720337
1416,0.7094373619198513
1417,0.6061256042839267
1418,0.820364862646083
1419,0.6817566703197475
1429,0.21044886949657476
1431,0.33215000167152814
1434,0.8762464588511334
1435,0.8741751017027773
1436,0.17644368904581847
1439,0.9838201165200545
1440,0.37414179089875926
1441,0.5548219082187499
1444,0.8310969884243836
1446,0.3265533760614073
1450,0.302324734299057
1453,0.8460180543467207
1454,0.9312858752780395
1459,0.15493212405880913
1461,0.1980431533258706
1464,0.488398983337414
1465,0.425881718007295
1467,0.2614823148769982
1470,0.4709918237615587
1471,0.4702416735342706
1472,0.411940807267407
1474,0.8682427890006952
1477,0.966140870235158
1479,0.4902709011995709
1480,0.517530157236717
1482,0.17718049454303184
1483,0.8126759621293299
1485,0.19534987342471336
1486,0.7660246361711106
1487,0.7500802505707951
1490,0.5982643444808567
1493,0.14141004936461138
1494,0.29460035991336614
1496,0.5671971323590901
1497,0.923037485975434
1501,0.6486169146728334
1505,0.4709933542470498
1506,0.8552322944849455
1509,0.1630584115443561
1513,0.3898152992599327
1514,0.3527417241571883
1516,0.4453481120334836
1517,0.16181750881198542
1520,0.40465667230033775
1521,0.2242597637841582
1522,0.9205746418524025
1523,0.8293849282754622
1524,0.35444340940844044
1525,0.1606244995814519
1527,0.174746543990445
1528,0.949776397021166
1529,0.9557717589963528
1530,0.742434702155332
1531,0.6146281991427137
1532,0.6257625428475074
1535,0.39052869408705504
1541,0.4182048754309096
1542,0.4128445270918524
1543,0.33995507564070027
1545,0.3399727031808944
1548,0.48511918419535294
1549,0.4806752847951896
1550,0.2268204585798428
1551,0.7245493280610693
1556,0.40654550722582816
1561,0.5528929728412223
1562,0.41177640824214506
1563,0.49613400117593354
1565,0.34608208243003324
1569,0.6937640784864014
1571,0.16119483500094053
1572,0.3901609672651398
1574,0.36731244006129227
1575,0.261235147992817
1580,0.9686690977879547
1582,0.94864638030456
1586,0.9903761495626395
1590,0.20379344152250128
1592,0.5797745871066909
1595,0.20715704509882601
1596,0.8848936568852922
1597,0.18841859539701078
1598,0.36517456596730924
1599,0.9463743311313275
1600,0.37218072793738927
1604,0.309737370330565
1605,0.5940697160015156
1606,0.5245688336379749
1608,0.9248130020630743
1618,0.952937155087424
1620,0.7527941353541544
1623,0.21526982637306422
1626,0.4162078714208974
1628,0.4081283215380715
1629,0.6862616434891177
1630,0.44472361789356346
1631,0.259747502181385
1632,0.9892827837211573
1634,0.9357530893733907
1635,0.4516764242173814
1636,0.5830125312601236
1637,0.25667251357173165
1639,0.5673908708176221
1640,0.3991979819678527
1641,0.12298247389336435
1644,0.8831593531255721
1646,0.5875008462240268
1647,0.1932147804982207
1649,0.3322975516383936
1650,0.1986943347682036
1655,0.16790307383440672
1659,0.9650609370367272
1662,0.027435883584107028
1664,0.3571506979873814
1665,0.21562031035913545
1669,0.37905583311799296
1670,0.552214371117633
1673,0.6773809296159443
1674,0.2666188469921529
1677,0.3438597652981339
1679,0.30946589711474387
1680,0.9149933193940052
1681,0.37519007674986754
1683,0.19875352435032287
1684,0.2370915593737799
1686,0.38218531953793605
1687,0.45132876588115556
1688,0.3371354785523338
1689,0.9611267722619737
1691,0.3524492593883768
1693,0.162160513231688
1694,0.9772051362976083
1696,0.9504789733149874
1697,0.4370926848933488
1699,0.8769281957079015
1700,0.23907778410295105
1701,0.3751371962069212
1702,0.3173528426759508
1705,0.455841572330174
1706,0.40466103177578
1708,0.37112474954598973
1709,0.18138551351959903
1711,0.20431238130359095
1712,0.4609726886022367
1713,0.4958946402062479
1716,0.42918154470491654
1717,0.2194212213111634
1720,0.8105519358766077
1723,0.4765536883063802
1725,0.9124531489228572
1731,0.4297222795265676
1734,0.37931909184881335
1735,0.33653410790600824
1741,0.25816856133580474
1742,0.947212846912347
1751,0.6222700315611748
1752,0.3294849290953146
1753,0.28716688241456306
1754,0.43298487616169695
1756,0.32817046114488146
1758,0.8213477402330159
1759,0.4037009276577693
1760,0.3596561509466668
1762,0.19979372515883662
1763,0.9567853171223049
1764,0.22250320442198135
1769,0.25064938898737754
1771,0.44724686666692504
1772,0.41211271239988667
1773,0.23666377011508294
1774,0.37987742249263085
1775,0.1688949426176628
1777,0.48292294953917414
1782,0.9945501470316179
1783,0.8234061821628723
1786,0.9198775145926928
1788,0.7958789458403803
1791,0.6363261253443946
1793,0.427535762462095
1795,0.3427831627554591
1797,0.9817156990379692
1798,0.9644228052080712
1800,0.8951671520061405
1803,0.36391907518832045
1804,0.6700576941790644
1805,0.20342153794646153
1807,0.6981186879469552
1811,0.3121344090062563
1817,0.8818547223740246
1818,0.8669445987340952
1820,0.40913203617242794
1822,0.5271580977560477
1824,0.4395300569225039
1825,0.9097204137194363
1828,0.7476269004671007
1829,0.20606723408103805
1833,0.2548887130698329
1835,0.29085074600514654
1837,0.33614608951207575
1839,0.1788507378362493
1842,0.2165978258124303
1844,0.2879485633527106
1846,0.18567297024296212
1849,0.4610207845640953
1852,0.4179566796370147
1853,0.007148415619803787
1854,0.909766618140176
1855,0.42185566048817386
1856,0.5123239175046641
1857,0.45299688388250703
1858,0.43388545498255454
1859,0.16114477233145372
1860,0.7529918906028069
1864,0.3588250973942175
1865,0.5186848998938222
1866,0.7726919143586537
1869,0.3234833153202468
1871,0.15749803462438403
1876,0.4189717263521857
1880,0.9237090908115109
1882,0.34008290613170966
1885,0.1892033605561816
1888,0.5138091350199276
1889,0.25885051122206654
1890,0.41819904511716177
1891,0.8311089431932148
1893,0.37897335596396603
1894,0.43294322469852664
1895,0.15948048444014964
1896,0.3379368145809296
1898,0.18686113542241342
1900,0.6956560999822617
1901,0.44482925413403285
1902,0.612874758841007
1904,0.8034377986026366
1907,0.4785637900413541
1909,0.6822885781075816
1912,0.2733022554024915
1913,0.42343101275246814
1914,0.8636126436571202
1915,0.853329251528475
1918,0.6213810879908869
1919,0.21793191944108892
1920,0.334359250756186
1921,0.527941206699715
1924,0.2433242562950079
1926,0.9564985190073327
1929,0.20186598907648706
1931,0.6441104217136965
1932,0.5767354686745737
1933,0.3502956433468165
1935,0.3666320999926498
1936,0.7386759600011212
1937,0.881710450789996
1940,0.15865526673592775
1941,0.20314281628311714
1943,0.5437299650394251
1944,0.18420433525477314
1945,0.99404242151613
1947,0.44091697535869595
1951,0.5551726880099587
1953,0.5526764702296748
1956,0.9804509843745508
1959,0.16951453526571256
1960,0.5138510044259362
1969,0.46151815251581285
1970,0.5094227874305375
1971,0.87882536140411
1975,0.062907675980072
1976,0.38573319328097583
1977,0.5859241436150466
1980,0.20288561855946297
1981,0.670114020630975
1982,0.3531274076470637
1983,0.9855321470007578
1985,0.697677500416231
1986,0.8714697542598239
1987,0.8440019967670965
1990,0.38865528911947905
1991,0.5262247829331446
1993,0.9695106765610593
1995,0.979571219774742
1997,0.9768888686026248
1998,0.5098886988713142
1999,0.8620205107861605
2001,0.7646884555647057
2002,0.35572023092334576
2003,0.18219243711020142
2007,0.44760438276796455
2008,0.6839375290699646
2010,0.7098320453973964
2014,0.15861501174571827
2017,0.5959180402801565
2018,0.9204681745259834
2021,0.3537068862304036
2022,0.34532023358020997
2027,0.6020005459942609
2028,0.22142934000740247
2033,0.24910371743936063
2034,0.4084375474711985
2036,0.5059760841045577
2037,0.7543304216951227
2039,0.4433183456108652
2040,0.2919068401068301
2041,0.22578118200679897
2042,0.17588799904979652
2043,0.18711273397217928
2047,0.9248064293302519
2048,0.42673003966481626
2049,0.2174881084265892
2050,0.40446858016610604
2052,0.9245553844994759
2053,0.8024097510562316
2055,0.9581524753101606
2056,0.6990224691129525
2057,0.5350663310683037
2059,0.3159951794376569
2061,0.19453104726838094
2062,0.3598690027125669
2063,0.510279671978959
2066,0.8552393564160814
2069,0.32875828912715227
2071,0.9838083138373592
2073,0.0500480862541126
2075,0.9831698277866758
2076,0.3408756369825815
2077,0.46115968481331937
2080,0.5197109138748425
2082,0.8692172308875695
2083,0.9609270494142532
2086,0.6695929948564644
2089,0.7442434802533842
2090,0.35208034553834205
2091,0.737154562027789
2094,0.6498324596861889
2095,0.4922626300868525
2096,0.7836312998935125
2101,0.9729971553806498
2102,0.38808867007314407
2106,0.38942995271782826
2107,0.9066566474928415
2110,0.37351567413988235
2113,0.8862331881626998
2114,0.16470598963786065
2117,0.8828211737310008
2118,0.17984292243840294
2119,0.4144318114613483
2121,0.9833088299522346
2122,0.2503368781372282
2123,0.6858244798992936
2126,0.6030116077112222
2128,0.8742215975280777
2129,0.8972280308788958
2132,0.7694577852941166
2134,0.33784601453190416
2135,0.24361732113062678
2136,0.5841610478326059
2137,0.4843704390018831
2138,0.2289926206178552
2139,0.9768480048079666
2140,0.26627106943779966
2141,0.7655290123463747
2142,0.41833545190055743
2143,0.42387118326397566
2144,0.9752195968180751
2145,0.4866559866941443
2146,0.6263133692430051
2147,0.4047405942423797
2151,0.7677909649601582
2152,0.8567714308724723
2153,0.40857636087807936
2157,0.11632450445165143
2159,0.6144097429287786
2160,0.5313972210771297
2161,0.665849019670506
2162,0.4636263831154194
2166,0.7528614793833455
2168,0.9964303023042697
2170,0.3450635907407426
2171,0.3269647157988876
2174,0.6921250455074041
2181,0.24819822860220173
2183,0.5080622434137233
2185,0.7071071532173808
2188,0.4126134800833952
2189,0.9803723151411448
2191,0.7777870894229428
2192,0.9176273914357295
2193,0.3251475836491667
2194,0.8937839845564863
2195,0.21562019191734316
2198,0.663791076854657
2199,0.42141121299965145
2200,0.5851557663018756
2201,0.02659230663867201
2202,0.929032656673227
2204,0.9105014279841009
2205,0.46797061072540824
2206,0.37227930361662365
2208,0.47664596417520444
2210,0.21610733177904082
2212,0.5171164097274981
2215,0.9951608092470245
2218,0.7792574382609166
2220,0.9330456463666611
2221,0.7927419676742387
2225,0.9918673462358267
2226,0.3369535739720722
2232,0.4573025931167394
2235,0.37677409458567823
2236,0.5692848635318873
2238,0.39670296154858425
2240,0.9855697150243363
2242,0.47940292867823464
2243,0.9912512270592401
2244,0.32649123761081283
2245,0.36481234323241357
2248,0.6771155992567055
2249,0.49070623609937064
2251,0.27722478709324927
2254,0.8258936817308988
2255,0.3180289152499425
2256,0.1965852178128405
2259,0.24695644843918185
2260,0.9169062780434916
2262,0.2150329347152677
2264,0.9843234984983382
2265,0.9213241900498211
2266,0.1689468617394773
2267,0.4142847231775429
2268,0.6358013707669066
2269,0.8219512567989339
2270,0.3491929268445388
2271,0.3616068527633862
2276,0.40753692608865055
2278,0.8942236653446345
2279,0.7345249133319922
2281,0.6800234011270855
2282,0.36839358105335174
2285,0.37732808500493703
2287,0.9522259315489477
2289,0.8141954189112369
2291,0.8180094382811672
2292,0.7695047609407132
2295,0.7305193221713648
2297,0.5185736183910702
2299,0.9280958541981393
2301,0.9952170143475764
2302,0.8682019525002728
2304,0.9105070445939085
2306,0.32975798299413694
2307,0.9155381560588454
2309,0.6594797801963383
2311,0.6178479155190163
2312,0.9961320006490644
2318,0.2263031133601358
2319,0.28832194674662315
2320,0.9905899191627353
2321,0.9747303873035289
2323,0.17322168166288598
2324,0.3116585669286448
2325,0.3468470182641534
2327,0.6664146007694464
2328,0.8020630462110472
2332,0.9445694022499388
2333,0.28819917001880446
2334,0.7779446347218368
2335,0.8622882125622966
2336,0.8508264449716816
2337,0.354672592450712
2340,0.6156316167993741
2342,0.9959142201685799
2344,0.9866718233281146
2346,0.4878316092773738
2349,0.3350280581330991
2352,0.15972722261905364
2353,0.4193910016802948
2355,0.4791625210596493
2358,0.28831349292793024
2362,0.4017423639546758
2363,0.3094421386276965
2364,0.4915907843282722
2366,0.3279001852315278
2368,0.5934272487313026
2369,0.41443348254883805
2374,0.7298134161712965
2377,0.9088514189478288
2380,0.6667030195916291
2385,0.26561576827922356
2386,0.19879324574215837
2387,0.3016451292617179
2389,0.30776958725900133
2392,0.301223199280334
2394,0.36070113028764356
2396,0.6225449961615935
2398,0.48828694653953136
2400,0.3808659845636264
2401,0.21901831306249475
2402,0.699730849744947
2405,0.15968745802341758
2411,0.33085030473413424
2413,0.7013863675266029
2417,0.985521043424704
2418,0.9203857253725832
2421,0.38871099438709455
2422,0.2655843940066399
2423,0.23656173878414127
2428,0.9827041458720389
2429,0.6179645256013261
2432,0.3932400341782393
2433,0.3538948941878312
2434,0.37907204581914217
2435,0.3352405602664069
2436,0.28354674349438225
2439,0.2018785915998246
2445,0.8377164468470831
2446,0.9565418159033777
2448,0.7276882869047596
2449,0.8070682352423192
2450,0.30521854690099093
2451,0.23979471636280641
2453,0.8638356446017619
2455,0.758481522381526
2456,0.8964165820589169
2458,0.7222603433284551
2462,0.5642455103246241
2465,0.9112673334657495
2469,0.7842651125153042
2472,0.5025749541900749
2473,0.8586624194329842
2474,0.7059905621584424
2475,0.8044638753327561
2477,0.4394212661171453
2480,0.3737842199921205
2482,0.9801648365508587
2483,0.9206395618217148
2486,0.16420044172086262
2490,0.21542776013867077
2492,0.9930550785489974
2493,0.3728008742774328
2496,0.20378228341836013
2498,0.3857839932027115
2499,0.8464804508693585
2503,0.5203716278432726
2504,0.32737995893683597
2505,0.3252744338585428
2508,0.6994179421930323
2509,0.9622515045527213
2511,0.6571292807484038
2512,0.3940394733972279
2519,0.9487962682274176
2521,0.7272588708224867
2522,0.22312843441256236
2524,0.22160616409928985
2525,0.9739750509588211
2528,0.9651808089324168
2531,0.8145823172768801
2532,0.30107255404584604
2533,0.18939648566659037
2536,0.6905579857442051
2538,0.7318913697261346
2539,0.1561815064984605
2540,0.34993460536310617
2542,0.76489836024258
2545,0.8501841781077324
2547,0.1824740717645211
2550,0.9904587691387348
2552,0.24211507774754681
2553,0.34473771143008075
2557,0.7887275446924769
2558,0.15741282059991454
2559,0.9992104577855403
2560,0.15970883020175974
2563,0.9641833856616746
2566,0.9285700029122329
2567,0.684260650687632
2568,0.7600131632017243
2569,0.7687537068241809
2570,0.36251716797911454
2573,0.45596284004981086
2574,0.35781047922435033
2576,0.9752631999294031
2577,0.17772857840639114
2579,0.1785354027947399
2580,0.9988712672229569
2581,0.490224665092947
2583,0.6632741686868204
2586,0.9493185379487111
2589,0.9841776189159144
2592,0.4667807362531727
2593,0.6560929743408674
2594,0.9790050105050503
2595,0.4956071211854287
2599,0.638546052401442
2604,0.16743628377745887
2605,0.9466020713876653
2611,0.8448177509800268
2613,0.6990045161271093
2614,0.47640311425447923
2617,0.9905993149282494
2618,0.7568733348602971
2619,0.3738435614733791
2626,0.22185283988217347
2627,0.2561366280774034
2629,0.857630776312924
2630,0.88109611045335
2631,0.6587046535304213
2632,0.5012042227404295
2636,0.874281042958523
2639,0.9580673247514473
2640,0.7423340341082189
2641,0.7527815028041324
2642,0.968715889016659
2643,0.16277523903435281
2645,0.22211726253772177
2646,0.9384919812078854
2648,0.24806867612272415
2653,0.4925334661808657
2656,0.9819663998787559
2658,0.3402818147041398
2659,0.9923883877818004
2660,0.19219533241108996
2661,0.9818347522827274
2663,0.5006352165915776
2664,0.9389079543942411
2665,0.9839842765653769
2666,0.9906140016320193
2670,0.8058021333592406
2671,0.2880363911781649
2673,0.25774199074886267
2676,0.563863862221825
2681,0.9474253048856377
2682,0.7277926065358225
2683,0.7653849328198505
2684,0.034251537678784236
2690,0.9931255899621296
2691,0.7867723369613796
2694,0.011376758628027351
2696,0.3347391690053369
2701,0.981306527487086
2702,0.8307748942877469
2703,0.9007527830254893
2704,0.7321046765314394
2706,0.24176538951754944
2707,0.9814317200936536
2708,0.4131733622759062
2709,0.847934811585787
2710,0.4842294389417588
2711,0.33441314751248047
2712,0.3525882211122224
2713,0.21905271066411244
2717,0.4224317557779891
2719,0.4299236891185516
2720,0.817702362842975
2721,0.3957653926313013
2722,0.34061538181065926
2725,0.673608780660083
2726,0.827946400222794
2728,0.5724866592085599
2730,0.8888292350093964
2732,0.7224673223011572
2734,0.7471993238327794
2735,0.734125759396063
2736,0.689838364349338
2738,0.591492355493776
2739,0.20059414556131427
2740,0.9727828898156584
2741,0.48257413764862184
2745,0.4785485509867092
2747,0.499544761388274
2748,0.8135221617577223
2749,0.9980792450100373
2752,0.4429809035631786
2753,0.8437299674809344
2754,0.5639945499398993
2755,0.9885011881998929
2757,0.34352758518433724
2759,0.9271674761782167
2760,0.9162721184521444
2768,0.9352269549624435
2769,0.9893358462011506
2774,0.3895190220072259
2775,0.48312433901721
2778,0.9273981110009513
2781,0.7728147691457089
2783,0.9975629462915305
2787,0.5690823373840646
2790,0.5148058289930254
2791,0.3421063873364344
2792,0.9596988314877387
2793,0.6317519766266312
2795,0.4813857316473128
2796,0.8899008645464478
2797,0.8075199476947708
2798,0.4888356974291544
2800,0.40808680633809125
2807,0.9842999962079976
2808,0.5255176652104334
2809,0.9163380246145041
2810,0.4997042352862522
2812,0.38275509089578225
2813,0.9962505245303516
2815,0.6825808314529426
2817,0.38325803516321805
2818,0.48773131198750896
2820,0.875042421391326
2822,0.7492786839917364
2823,0.7592166464430782
2824,0.43782987249817784
2825,0.44509319774789874
2827,0.9398394440691776
2828,0.9062207030660471
2830,0.29554423553056214
2831,0.8897843616685263
2833,0.7808714957452064
2834,0.6976569232667622
2838,0.1397162833507684
2839,0.44871652213001906
2840,0.9549705684708264
2842,0.9689770244979934
2843,0.8055349576948261
2844,0.35589837299884614
2845,0.3636444541005683
2846,0.19951362188433214
2849,0.4599677857906755
2850,0.7492608346513278
2852,0.3366384977729086
2853,0.2622034161802669
2854,0.4946195939244184
2855,0.8609806939511581
2857,0.9171253673364641
2859,0.4856708471225662
2861,0.843905703811182
2862,0.9647262069915256
2864,0.622095130944844
2869,0.6426719787606033
2870,0.9710946965223541
2871,0.9595797687554257
2876,0.8848877842049638
2877,0.9981007804096343
2878,0.7662374552736325
2880,0.9409362324497792
2882,0.4875902680865121
2884,0.9825287230565843
2886,0.9540003230758518
2888,0.9744305970997625
2889,0.5979042597248144
2891,0.9586575819047733
2892,0.9739650040967809
2893,0.9893152866561015
2895,0.2825239076545326
2897,0.8771828738885664
2898,0.9376900386567816
2901,0.4944538835019612
2902,0.7899673070820848
2904,0.8148256699004129
2905,0.9907733231774117
2906,0.2098419324072899
2909,0.23098769468839
2910,0.6858378405327299
2912,0.8721852486511333
2913,0.44563104683158794
2915,0.7166303573268877
2916,0.23783062296791582
2919,0.4812094372143072
2920,0.7796839018931967
2921,0.4407611324724931
2923,0.4429827647749663
2925,0.22983106695052158
2926,0.3866396297245556
2927,0.993543074086972
2929,0.854604016859172
2932,0.5244792126988882
2933,0.9596455401448053
2937,0.7237559319425195
2938,0.9899997127990436
2939,0.9595666011011003
2940,0.5167772113267748
2942,0.9828220237768135
2943,0.9101592870933342
2945,0.4576291052050185
2946,0.9868463905798788
2951,0.5186057001044616
2954,0.9453169167721475
2956,0.1839089402791412
2960,0.35959136311022183
2962,0.5640178064124908
2963,0.4060052716266548
2965,0.7300527949018862
2966,0.503528179478295
2968,0.7720378080494249
2972,0.4630221360422898
2973,0.9529537747316472
2976,0.5469543409045452
2977,0.5195498716542618
2978,0.5534831340190643
2980,0.894020070631609
2982,0.44499422179339787
2987,0.9201639905410365
2989,0.9970376820695774
2991,0.739114048324445
2993,0.9163592266176254
2995,0.728924500005648
2996,0.7535850674140556
2998,0.9991449172755762
3000,0.556140414936462
3002,0.8568848152862889
3003,0.9731929451049643
3004,0.9880875899751571
3005,0.8359701575399137
3006,0.3117790130965298
3011,0.5188996360761916
3013,0.47685281891416226
3014,0.9346892472538009
3018,0.9740611524611055
3019,0.9912405438885704
3020,0.9123857666401829
3021,0.7453667888308695
3022,0.36107467809530497
3024,0.6955858452709613
3025,0.5331265257800873
3027,0.7946665885976526
3028,0.6391115227099796
3030,0.9280731580966222
3037,0.8913768134515028
3038,0.7122857967132776
3040,0.32328507181446314
3041,0.9990969900958628
3042,0.3476089442530067
3043,0.2731831745964822
3046,0.9946168862774206
3047,0.8737846993168105
3050,0.8531029340496518
3052,0.7227436701723545
3053,0.1883140706917691
3054,0.738139551507211
3055,0.30714348924491197
3056,0.6799797296918471
3058,0.13099865510168837
3059,0.2563375212769093
3060,0.997643556009415
3061,0.882288066239792
3062,0.9772772413612529
3063,0.9162964990201157
3064,0.994728148552358
3065,0.2043256030410613
3066,0.3320994367981225
3068,0.43911360484628154
3069,0.2642527328504798
3071,0.721871200926482
3074,0.9917481013172672
3077,0.5067732972588382
3078,0.8652721762511143
3080,0.8772057355928329
3081,0.6208947555921261
3085,0.2703829436748534
3087,0.9905590627607935
3093,0.8534057548114304
3094,0.7053025497344543
3100,0.4561356014787382
3105,0.34689793559482984
3106,0.9928961375779832
3109,0.6137048993927801
3111,0.8120014162709889
3113,0.9790723458548409
3116,0.34967088763313636
3118,0.995427117480399
3119,0.258000603472026
3120,0.07442570846680702
3125,0.8338446547533622
3126,0.6025333267721106
3128,0.3281825451483061
3135,0.9998047061129729
3136,0.9030564064737757
3138,0.8699591048339576
3140,0.7916164336675487
3143,0.35742919268395495
3145,0.7992177056787287
3147,0.6358218311801573
3151,0.9944959407220969
3152,0.7313990394467925
3153,0.6498042621630576
3154,0.6705843258587506
3158,0.41036567884883257
3159,0.7319143348866141
3160,0.6167335075994185
3163,0.4409469647541277
3165,0.9931313472194064
3167,0.41639663681607425
3169,0.7395758591531699
3172,0.5486447673772975
3173,0.7551212425830256
3174,0.9139247529173179
3175,0.9396454350232926
3177,0.7872411529576873
3184,0.9793073001226635
3185,0.7846955702365936
3186,0.8823194076093109
3187,0.7017872786258178
3189,0.946633628576867
3190,0.6484440269959623
3191,0.6546305107792161
3192,0.6987480870021355
3193,0.859305600760905
3194,0.2025125462414578
3196,0.966468937695496
3197,0.9754829225984027
3198,0.9729778637379305
3201,0.8156474640927398
3203,0.16150019637993132
3205,0.6490954775426812
3207,0.49688633561715745
3208,0.8840573663274832
3215,0.6835852283494172
3216,0.9466165077135389
3217,0.3837236360279255
3218,0.9965345034268844
3220,0.9554548593617809
3224,0.6202986709558658
3228,0.9892837355869745
3231,0.6884077059946843
3232,0.3547810593571699
3234,0.9972005430813893
3239,0.7348120344586017
3242,0.976807765693689
3246,0.08581318641034606
3247,0.16105499129556908
3249,0.39814366214868313
3251,0.984838994458338
3257,0.7205840292952481
3259,0.52434225902782
3260,0.8552587266670523
3261,0.7792324526461428
3263,0.7937704505948787
3265,0.46514501398532493
3266,0.7985920955299709
3267,0.8317645897072429
3269,0.9945398233632557
3270,0.6945827549083832
3273,0.9917215412207281
3278,0.9537273532009121
3284,0.7174464703457512
3285,0.20609607011371178
3287,0.3738212844950551
3288,0.880436182475846
3291,0.2589161207243778
3294,0.8880832029904318
3295,0.2266800510424401
3297,0.24194725675276385
3299,0.5196852985843033
3302,0.7427055071208387
3305,0.9962454473319434
3308,0.9909295386012718
3309,0.6025400605083335
3310,0.6137772763531057
3311,0.29827292219947904
3312,0.292484422635171
3313,0.9895139599642503
3314,0.39307874612082294
3315,0.4677381752035834
3316,0.9791093727451933
3318,0.3591558967696229
3319,0.9950000815125446
3320,0.5541510396667002
3322,0.9762278948115672
3323,0.9837480646422214
3326,0.8837213690444806
3329,0.8842619272179827
3330,0.06147855725581435
3331,0.8967392168281462
3333,0.8842431922414804
3335,0.9765129622984882
3336,0.9556135397885157
3339,0.2221624452810765
3341,0.9945201710738405
3343,0.948235149804524
3344,0.7187496212561351
3345,0.21970185754010801
3347,0.9667160685343184
3348,0.373586857314973
3352,0.9718628116828872
3353,0.4758711596611765
3355,0.4240845228708066
3356,0.8461196636136215
3357,0.9891085266621337
3362,0.9283675277773915
3365,0.3907933821379639
3368,0.8926174404973836
3369,0.5191959101602891
3373,0.3480113369263629
3374,0.6727386563129827
3376,0.9781033532708258
3378,0.9000054162850198
3379,0.9934067340683388
3380,0.5918354108638725
3381,0.7382608968281803
3382,0.9839646019936894
3383,0.9841396877291987
3385,0.8734695785474703
3387,0.6601870640829479
3391,0.4323575816504448
3393,0.233109606982326
3394,0.9977254956059683
3397,0.9394809969206658
3399,0.9816545961584464
3400,0.5074984934120865
3405,0.440257964167138
3406,0.9996123382162431
