2,0.09687960435207751
3,0.15243612149076566
4,0.1826347242408314
5,0.3185632180942271
6,0.4379197748176849
7,0.18709661092829233
10,0.175176016532238
11,0.2552591180624183
12,0.006594757399519028
16,0.14073587889541403
17,0.21353066457637643
20,0.4602751010567506
21,0.17161552478677808
22,0.19112501582996114
25,0.21071254050924448
28,0.16974109838490478
29,0.1560345776450673
35,0.24708254143428998
36,0.21973031690678754
37,0.20833033898090839
38,0.19634783944184103
39,0.15590768736499297
40,0.18608011237465663
41,0.24537493735271382
43,0.162150957636808
47,0.3317787919002929
48,0.20834258697954047
51,0.1565235619543419
54,0.17308982663022887
55,0.16034973889507861
56,0.16645099230592275
61,0.4177727033186416
62,0.23928215729945515
63,0.1550326710564649
65,0.18162169338599946
67,0.16086538347231213
69,0.17453247935676228
75,0.40593597758373623
76,0.15707134835310435
78,0.213320145371842
79,0.27632442564574383
80,0.1943167653923911
82,0.15848441169084973
83,0.1985349765921295
84,0.18042014162921355
90,0.34081023565717
91,0.19547250575227967
92,0.1583032021047444
93,0.1720667110711784
95,0.15789607223948107
96,0.15780754165887023
98,0.15928889159800005
99,0.2948250950936613
102,0.1891728111305061
104,0.37397724174901587
107,0.20139225754207282
108,0.1567084741956877
111,0.18030453975394875
113,0.1605391073185726
115,0.15969535471125543
117,0.2338603082763038
118,0.3172144806623351
120,0.18067238706243002
123,0.18972689743174753
126,0.2756200815677193
127,0.24213221851774025
128,0.2702654954174503
130,0.3302853729637758
131,0.26966049662239683
132,0.16803146681553052
133,0.19995215813654513
134,0.16648216670066185
137,0.2361099410918329
138,0.5694171423163692
139,0.1851570400833186
144,0.42813796163675005
146,0.1813101185178045
147,0.1818047324009694
148,0.16240793626614225
149,0.17142089889400317
154,0.27319799463850647
155,0.2717342787649533
157,0.15511013976409843
160,0.2958864433343716
161,0.22698105347735162
162,0.2635002670271044
165,0.16998781426279358
166,0.179055869889648
168,0.16919598875656364
170,0.17737892811259504
172,0.1601615384756695
173,0.15880381280341946
181,0.15317239294818674
182,0.46443107904765446
183,0.4471897037798755
187,0.36724673855264844
190,0.17109693094659947
191,0.18506450589511667
192,0.20070745298085613
194,0.2277068096476332
198,0.21484931876654667
201,0.2074841851389269
202,0.16605547968129827
203,0.20916553250609973
205,0.15384585801323383
207,0.6508597401536325
208,0.1562090581281143
210,0.2084626874498268
216,0.19448945468087317
217,0.1636382040377768
218,0.2520930518135365
224,0.17639644399019802
225,0.2039142991048115
226,0.20402295043395932
229,0.48708712051143327
233,0.47032339999502554
235,0.22579573321467852
236,0.1749411664992557
237,0.20727617910481247
242,0.1788831138060812
243,0.18889929624683602
245,0.22826592750394234
246,0.16747798818175844
249,0.48139480606108104
250,0.278140894453699
251,0.28174474335132527
254,0.1620361089501872
256,0.1587523072206023
259,0.22508901801817235
261,0.988964500812023
263,0.1610023714398008
265,0.15709092311412498
266,0.7657243689184665
268,0.17947151212072412
269,0.2884412585220611
272,0.36644803810622906
278,0.18003494079391566
281,0.18159584745806215
285,0.20178170907477502
286,0.217795882297804
293,0.15998032146490376
294,0.18250435453481847
295,0.15435762940987152
302,0.20959284343555273
303,0.40575253238695214
306,0.21418604951387893
311,0.44968017244612857
313,0.15943148204557794
318,0.36224136655888595
320,0.20592097990675715
321,0.23710230931477677
324,0.15733241833731812
327,0.2418459241263798
328,0.15909906883637703
329,0.02780132964777987
330,0.20239734515061744
331,0.19579609344981377
334,0.18043643867657919
335,0.1550905116142611
336,0.2380129804481188
337,0.15946022794837134
338,0.9097450086653603
339,0.16644163065824188
340,0.24659928859040253
342,0.15785932361698146
346,0.15252929829273856
349,0.45890225667974616
353,0.5738929360847148
356,0.17894734433863244
357,0.1754818101916528
358,0.1542276630352189
360,0.19646570820478318
363,0.18078314652485844
364,0.16105429156661122
365,0.22342497133268524
370,0.27142189310945364
373,0.21617765189274948
374,0.164486481255535
376,0.2453521311687795
377,0.33253118103299484
379,0.27766074636480115
380,0.16317096023389951
381,0.15698443386175046
385,0.2158257416699409
386,0.48534902982881123
389,0.16016760058252213
390,0.17009025740846342
391,0.16152228399691113
392,0.15845417101010775
393,0.29507188863993494
396,0.20921837322854517
397,0.18555220921697715
398,0.15729161827705515
399,0.26340801451202056
400,0.17202914568240169
401,0.16848093960408225
402,0.1609343724534973
404,0.22038395474760628
405,0.2800627861893461
406,0.34898762404634637
413,0.16639413368031644
414,0.15660222660433437
418,0.21470827876041215
419,0.16160677184783168
420,0.15897390985011273
422,0.20864351626003663
426,0.1810572424828618
429,0.1603133225619126
430,0.16019530682447397
432,0.18316026040651054
435,0.22009514480325124
438,0.46547333077054587
442,0.16284514913977946
447,0.33737117610103107
448,0.18920236427179124
449,0.38329570693421766
452,0.19588846568851925
453,0.8157693398775651
454,0.16795548440298225
455,0.3745197646884052
456,0.19293471378810373
459,0.2184180891907254
460,0.250816028880836
467,0.24312338094803793
468,0.20956158870622296
470,0.18057766554754054
471,0.28898406598833676
474,0.3431309448653512
475,0.17861708633711318
476,0.1585256291427929
477,0.21871793713559462
478,0.1660162357150913
482,0.22071747503171443
484,0.1579989846697878
485,0.16424422977025852
488,0.18674105201131963
489,0.3135182942307208
492,0.9943285064786853
493,0.1911370254557176
497,0.20845160338391466
500,0.3462585193214592
503,0.4769254887129038
505,0.16437661479857718
506,0.18574876294129836
511,0.20301055164810253
513,0.17610203871113267
514,0.6232780932403652
516,0.1871322565469941
517,0.41613926844739946
518,0.3916577085118974
521,0.19312827509877523
524,0.17236179890528727
525,0.38082653422999
526,0.16023947093261545
532,0.21002029699539707
535,0.01886477702112876
537,0.49292354973480745
538,0.1691924758028741
540,0.21850676529321336
541,0.19121201096214754
542,0.18181375118792395
546,0.18058907060392465
547,0.42719630531972347
551,0.17098908269698823
557,0.16799842779070562
559,0.3358856838785907
560,0.6798934106879708
563,0.791136192129345
564,0.16457740300802556
567,0.16502398865096554
570,0.1706720317603405
571,0.20465007948987435
572,0.15399242545870317
575,0.19426808570879217
577,0.1595388272494324
578,0.2400243926538602
580,0.6508498660676749
581,0.19394042806794679
585,0.22052119831520822
586,0.18203791907336112
587,0.8637425657997323
588,0.38494252391888756
589,0.8074116099535373
593,0.1873880147808015
596,0.1654036496586209
601,0.3454671209608913
604,0.3542509622774249
607,0.17660955396361955
609,0.23564089205620262
610,0.2238647204071434
615,0.3427427360852611
616,0.3280996082811757
617,0.27080545051561844
623,0.21952739758211443
624,0.285725370477735
625,0.3155087159154428
626,0.2446191268629029
628,0.2171102484452931
629,0.4287270750558501
634,0.18856454694385472
635,0.2916469222306478
636,0.19231809758127885
639,0.17068322992900586
640,0.4538891862334042
641,0.738951678573407
642,0.2050694333267195
646,0.2695126125964203
647,0.41146723884451036
649,0.16536651162456203
653,0.5093557248505112
654,0.42715854458777086
657,0.24702991793972146
659,0.5063719964996057
660,0.268473139059147
662,0.2218269907370328
664,0.18961512766053598
667,0.2281655414782361
668,0.2601284143674316
672,0.18584191308068956
674,0.2081259997336203
675,0.5085837326880595
676,0.2799472243685909
682,0.16006052246946464
684,0.47784232693166107
685,0.41232676504439647
687,0.18754166538507125
689,0.3640591928567124
690,0.24037060973890734
693,0.38570593764527483
697,0.39210943176188195
698,0.212182948107647
699,0.5914081119624044
700,0.18579536359254095
702,0.1675495350795008
703,0.16297611491025452
704,0.2090492792447892
705,0.45549781317247395
707,0.5067761311616789
709,0.24892372117013117
710,0.178063107874312
711,0.1631460063804719
712,0.1770562873456343
714,0.30158954941280264
716,0.7309683176430424
717,0.17953425333615308
718,0.4177921556983338
723,0.16305402567919183
724,0.1990185966668904
725,0.15466086113931665
726,0.38260620533318546
727,0.4480946331578264
729,0.15630887831306353
731,0.16170148831269246
733,0.18540690151153946
736,0.22626300337880384
738,0.18384596097226993
739,0.3890620427132367
740,0.30135004686545125
741,0.3411903955218417
746,0.42206248543666053
748,0.39008068932523843
751,0.7300486673184703
753,0.15344857394466335
754,0.24446692522815952
758,0.21646626051103754
759,0.1599973256757611
761,0.17227060739812838
763,0.2056330896171208
764,0.8728818051401399
767,0.1518943487721978
769,0.19052544737659097
770,0.17808514113700252
771,0.45060038702483735
772,0.19813758387502417
774,0.30783499050370244
775,0.19267200180581232
776,0.15809780027785705
778,0.920917814284407
780,0.3635878702630876
781,0.2167894639469426
785,0.36771118829956856
792,0.17807378952725428
793,0.3454397278541109
794,0.38904593236358076
796,0.16890246999151634
797,0.4597459621173547
798,0.6120709721163133
800,0.17003775348693656
805,0.15321914633702485
807,0.18105217267903012
814,0.3760621134119151
815,0.49714416868058553
816,0.8187711940576078
817,0.3316206063251762
821,0.22978409155271667
823,0.26159102848718774
824,0.2895595468028234
825,0.16967699583964022
826,0.1651375468113212
827,0.22751243776783095
828,0.23205371123741086
829,0.33957072284091766
831,0.17926473645706478
833,0.16437137055256684
834,0.21227781270014207
836,0.869808818343581
838,0.33300372466965267
847,0.48725278376384534
849,0.27884114776253766
850,0.5148412828269724
851,0.3897166294015122
852,0.16584791944391408
853,0.17321558857012348
854,0.27059576897106213
855,0.43602052893687043
856,0.9690687325605307
861,0.44956118302120485
864,0.1626812831083369
866,0.18650026688635715
869,0.36679383279227756
871,0.6408490468384656
873,0.22551248140860966
876,0.16538400966786182
877,0.7359572168383991
878,0.3343231136242135
879,0.28300407553647183
881,0.4251003312995842
883,0.7629116112184033
884,0.2274121484149408
885,0.3093810591673643
886,0.9301283045140227
887,0.20550981017938283
893,0.5070069036556379
895,0.7576754817373661
896,0.34724103140421136
897,0.4220039755958722
900,0.3556927543713402
902,0.21300859714697895
905,0.18726921084121637
907,0.14192395844806102
910,0.3715364137225144
914,0.448526467598495
915,0.2023484445625533
916,0.6680541568627265
918,0.19397149338500233
919,0.8969567829538186
920,0.16303105075176236
921,0.28169588170934573
923,0.22135825647830606
925,0.9155473382989878
926,0.9832437325494058
929,0.4516679220545664
934,0.2130030626438676
935,0.31795976787268504
936,0.18117496737708158
937,0.8221312852451593
939,0.5343495152745944
944,0.2947070829912619
947,0.3603816333236095
948,0.8748002765773355
949,0.3790014401247215
951,0.9611690428464174
952,0.2253657458017316
954,0.2286137602519862
955,0.177223450771801
956,0.3881347193325448
957,0.17776343072000594
958,0.21334333271178266
960,0.4268326747508415
961,0.278574044299616
964,0.18368614351353832
967,0.2099883261811266
968,0.23271308595330784
972,0.48082953492824393
973,0.4471971773945676
974,0.03130383119038331
975,0.1539666380607191
976,0.19736830409245515
978,0.707231885511324
981,0.3888397888579995
984,0.2620268440416886
985,0.8837866426364827
988,0.2550134195244434
989,0.39233661362373673
990,0.16932673016795158
992,0.18402883180047666
993,0.5124670069657403
994,0.17857478950980124
996,0.3539102268613978
997,0.19128997801068381
1003,0.3830348061958431
1008,0.28230725369374
1009,0.41695688613351767
1013,0.16369073587660524
1014,0.25153421305757795
1016,0.15813554162272211
1017,0.1640796026289016
1020,0.16551344801282242
1021,0.9240300440862113
1022,0.22240581119051286
1027,0.1631268787665585
1029,0.29516557193146614
1031,0.44152719241433314
1032,0.4968169896991757
1036,0.15430123693041434
1039,0.35912168472000267
1040,0.8714646690728192
1041,0.15773921660895776
1044,0.6538008914873946
1046,0.19162216465822454
1047,0.4220757503651772
1050,0.20007454379044426
1052,0.37171717199479143
1055,0.691386474254056
1057,0.5714527183045265
1060,0.19357306283150327
1061,0.8744886757651685
1063,0.1729723343936298
1064,0.2199394267736841
1066,0.3610262822480778
1067,0.23752799030877328
1070,0.8567932521235414
1071,0.21733571035229474
1077,0.9623817346748663
1078,0.190942070996354
1080,0.35072151630000714
1082,0.3842488591759372
1083,0.38708262019670586
1084,0.7699748943502553
1086,0.2567394392359973
1087,0.16721450234090995
1093,0.19413255935034157
1096,0.27149514259279806
1099,0.31212409074983616
1102,0.2660545957102232
1108,0.7865199473253697
1112,0.3133189424681878
1113,0.5871750263057247
1116,0.9092901265281447
1119,0.3970800244553052
1120,0.16055130502757642
1121,0.6673882077700278
1122,0.28990106840702723
1123,0.23709780612807033
1127,0.19220495232386142
1130,0.8372551823460259
1131,0.16298041048550285
1132,0.18217136296671113
1137,0.34776934217801375
1138,0.7723481059096756
1140,0.154752867979259
1141,0.5355408346784541
1142,0.4515264639300533
1144,0.3827913897810768
1145,0.7880933074538442
1146,0.846870846151887
1148,0.7338708103001362
1149,0.4664665331071864
1151,0.3761677795073738
1153,0.6215317762006226
1154,0.8298564832340942
1155,0.8768887602698465
1156,0.24347239204317858
1157,0.3412288179578101
1159,0.19700271934819688
1161,0.19771491652051437
1163,0.7260403159488267
1164,0.24111958861129368
1166,0.9373017466077307
1167,0.8676889791296277
1168,0.40074834741216275
1169,0.9142381605496261
1170,0.3367748651779464
1171,0.7100642082954672
1173,0.18590301013878477
1177,0.2806258695167628
1181,0.15396605014119724
1183,0.2473785421714105
1184,0.21453331594544436
1185,0.15686207876122282
1186,0.36070363493318447
1187,0.670595132261013
1192,0.15476675737930484
1194,0.369096493790418
1195,0.2825139160247251
1198,0.25786136238002816
1200,0.7005039260392923
1202,0.5809911998140576
1203,0.8981984916865646
1204,0.012175001584812037
1206,0.6144019806594024
1210,0.21742251848888927
1213,0.43913665024882703
1215,0.5566147182339828
1216,0.6455120779036928
1218,0.2143529960765302
1219,0.49576788596485494
1220,0.19363482721127287
1224,0.37402776495564377
1225,0.7252185166684988
1228,0.9834986783818913
1239,0.2407858291844238
1241,0.17201004043328633
1244,0.4775173751837832
1246,0.20906391871292374
1247,0.2866268596953964
1248,0.470661762668589
1249,0.31170554664718875
1250,0.32526748899175617
1251,0.7222865224091962
1253,0.45878473735303127
1255,0.20416242343696397
1257,0.25736635809076175
1258,0.1961026930998873
1263,0.32785172480782276
1266,0.5097268824293723
1267,0.5135766282844155
1268,0.509647504272642
1275,0.3703004352508627
1276,0.5647128838702199
1277,0.7225997666203797
1278,0.8137092419150376
1280,0.47382490318362686
1281,0.41964746619091403
1282,0.7202711238696358
1283,0.4530390246171171
1285,0.8597108660525958
1286,0.16488071623925155
1288,0.2608163989382466
1291,0.564797729315217
1292,0.9522480776031513
1294,0.2557323463062657
1295,0.3008562054143527
1297,0.9928334417510584
1298,0.55024668880597
1301,0.2083478373310349
1302,0.22420230211013586
1304,0.3913830072278269
1305,0.25466110889471044
1306,0.15210075678134408
1307,0.3661465747639061
1309,0.5691423086949057
1312,0.5774282756491634
1313,0.9954998787659206
1315,0.460838722528994
1319,0.3515636242669882
1320,0.5922700013539058
1325,0.49280074574603894
1326,0.4362085752537904
1328,0.356618507150308
1330,0.30251619985243616
1332,0.26795141365208736
1333,0.24398677716755188
1334,0.2655079241562917
1336,0.617910289186838
1340,0.1522942159997905
1342,0.651086493407063
1343,0.8541228680691568
1347,0.17396833889602206
1348,0.9914109288745002
1349,0.3422690102722257
1350,0.9752679648087379
1354,0.42714372248057686
1355,0.19588949651860096
1356,0.15691228243168243
1359,0.8862913926270038
1364,0.26174813041385514
1366,0.5543107929118262
1368,0.9879422321420067
1369,0.295151589901633
1370,0.16501453181348014
1372,0.09807352952174152
1373,0.282283688612966
1380,0.3569965779720086
1381,0.15407872184490212
1383,0.20917457508301115
1384,0.19024890810027167
1385,0.4075556848851137
1387,0.8172044468816431
1388,0.1748548579408283
1389,0.266777361143791
1390,0.6074687568908627
1391,0.32629338395314794
1395,0.9597662358671679
1397,0.18972643201928854
1401,0.37150865078374334
1402,0.8525802707776372
1404,0.16598911155129745
1406,0.1741335667563526
1409,0.25272689148643573
1410,0.15721123656120803
1411,0.5038669196462247
1416,0.7520657835210158
1417,0.7010952775550835
1418,0.8717071688975659
1419,0.7287167694488804
1429,0.17130501144033386
1431,0.26256634981289917
1434,0.9117352706745575
1435,0.8630732263633195
1436,0.15708459644180886
1439,0.9814550637225519
1440,0.5964831869354873
1441,0.5887134945765622
1444,0.8534299010818407
1446,0.4041038237406788
1450,0.20018009853991678
1453,0.8925330653037148
1454,0.9414205058546142
1459,0.15442277843347804
1461,0.20039188321610107
1464,0.43257065329765504
1465,0.3664051450638489
1467,0.23386081898586686
1470,0.5009493475450751
1471,0.6016585781314806
1472,0.49263366444226847
1474,0.9292532261956645
1477,0.9841667793048892
1479,0.45383262331034185
1480,0.5321337414896514
1482,0.16458574318081634
1483,0.6777480925214623
1485,0.1919923888100847
1486,0.4070783521643508
1487,0.7875605297775099
1490,0.7335350456538797
1493,0.14223082200690407
1494,0.31779042354899406
1496,0.6235532073712795
1497,0.9699303860755468
1501,0.7155128392696067
1505,0.3827605080293356
1506,0.9086968658144764
1509,0.15787269894126973
1513,0.31250045713785346
1514,0.24013624567682473
1516,0.41150529599984037
1517,0.15256294091402228
1520,0.47926234186431443
1521,0.18856631505303778
1522,0.9364451248176996
1523,0.871847817529249
1524,0.34491883872304985
1525,0.15425435236273932
1527,0.16505777404840735
1528,0.9560936248257103
1529,0.9786993178863158
1530,0.7861288283888688
1531,0.6286111295449999
1532,0.7689617679369279
1535,0.5112786322859508
1541,0.4980392569817276
1542,0.2744164196796838
1543,0.4531099800042285
1545,0.313240890750379
1548,0.6282277638001232
1549,0.39214740582978713
1550,0.20993406235967757
1551,0.7751072771533295
1556,0.3507487206461842
1561,0.7715110105185283
1562,0.4179676948546183
1563,0.4448412950460926
1565,0.5085492705441892
1569,0.6658373314648174
1571,0.15568246125934962
1572,0.3716096935216915
1574,0.3130158508353057
1575,0.21483056270406858
1580,0.9605059595371817
1582,0.9723108347895354
1586,0.9826951443126667
1590,0.1697978890820567
1592,0.5304897353477636
1595,0.1773561498071759
1596,0.9274486598672093
1597,0.18365157281935302
1598,0.35341002365562
1599,0.9532241486946271
1600,0.3649691710385785
1604,0.235821485685017
1605,0.9337945165835044
1606,0.5121693692827173
1608,0.9241223432061942
1618,0.9789313293794212
1620,0.8062338541938927
1623,0.1856011020306247
1626,0.42939110890931315
1628,0.38506841222322225
1629,0.6720985021774205
1630,0.44232430341635276
1631,0.17787419463381435
1632,0.9933151225568602
1634,0.9510497708383923
1635,0.4043379261484128
1636,0.6420558944458941
1637,0.23463879693047432
1639,0.5109048748135714
1640,0.3820216002399324
1641,0.09987238786617479
1644,0.7758819721214931
1646,0.6315475338337723
1647,0.176676532090089
1649,0.3965837238440323
1650,0.2056366447092455
1655,0.16041545455133369
1659,0.961207108464674
1662,0.014514761347504524
1664,0.3500606005394008
1665,0.19108108614391828
1669,0.3384975179873618
1670,0.7951079555248923
1673,0.7162660251884607
1674,0.19738620351989053
1677,0.3355762908906407
1679,0.221859409233515
1680,0.9602032857754778
1681,0.402649287750162
1683,0.16894093430908907
1684,0.18841697895105536
1686,0.4248410384894894
1687,0.22397454570916503
1688,0.3651836358840338
1689,0.9715113377126918
1691,0.4125455170967561
1693,0.16115063285656714
1694,0.9949869483214308
1696,0.9730337050649622
1697,0.41485818798735846
1699,0.9197630245475581
1700,0.18783893607401506
1701,0.3250450501467901
1702,0.315979963342555
1705,0.44595503329201336
1706,0.29058743740525145
1708,0.4040510666515681
1709,0.16099047230374122
1711,0.1905795189991995
1712,0.3947922602606654
1713,0.30566769939497457
1716,0.49798549999176617
1717,0.17662427480566145
1720,0.8708175648717822
1723,0.48155448929109523
1725,0.9431087530770059
1731,0.4496513883711657
1734,0.31645131784242114
1735,0.20780422008546454
1741,0.2214552104512285
1742,0.9435115494702497
1751,0.5877674898133523
1752,0.48518712629906063
1753,0.20312222304222796
1754,0.341383431510649
1756,0.421240757450131
1758,0.9509484375410023
1759,0.3198396274963706
1760,0.35736707277868357
1762,0.1936259975274589
1763,0.9635491248727749
1764,0.17320398802596676
1769,0.20523582868058893
1771,0.48401804967701373
1772,0.4309792520538663
1773,0.18099979468358823
1774,0.3906433434731214
1775,0.1581973059649437
1777,0.4661593838520717
1782,0.9947988546060554
1783,0.877424946144997
1786,0.8845129320421453
1788,0.6679371530931355
1791,0.5341937969653533
1793,0.4225174731242652
1795,0.5907182426770915
1797,0.9903329381902605
1798,0.9794406985628588
1800,0.899738777350724
1803,0.3316772997696294
1804,0.7330347949450451
1805,0.17876529297308827
1807,0.6551650797308548
1811,0.24314737124950753
1817,0.9124905892308864
1818,0.8767330010851002
1820,0.2614968303941571
1822,0.35549614566795096
1824,0.3665612828861707
1825,0.9463364332556253
1828,0.7483682662254022
1829,0.17150420203861202
1833,0.22554210056090704
1835,0.26799068782865915
1837,0.3061682770622396
1839,0.15790418208283089
1842,0.21936257093212017
1844,0.24063066255161003
1846,0.17840665226897146
1849,0.47395655916652935
1852,0.3452623060761703
1853,0.006029794870990187
1854,0.9464238448312307
1855,0.34119221670073313
1856,0.4935182892884047
1857,0.3243001563453686
1858,0.5899854218795413
1859,0.1525971199856845
1860,0.7716254122565965
1864,0.2906428397485161
1865,0.423042536779082
1866,0.7310537414840157
1869,0.4777394974366954
1871,0.15460362337040826
1876,0.30664242111402684
1880,0.9168028670071033
1882,0.4223421883987319
1885,0.17432348374491338
1888,0.45508364422709563
1889,0.24298013277982294
1890,0.4642200811615473
1891,0.8731776064323146
1893,0.4131868134319847
1894,0.47836135488009035
1895,0.1553121334748585
1896,0.4503389402917213
1898,0.1741286846992644
1900,0.6933864480312512
1901,0.3826152605193979
1902,0.6247850257908225
1904,0.8042824534821399
1907,0.4676667210485304
1909,0.5451118366701241
1912,0.30637197572866837
1913,0.4110492440675255
1914,0.8718892609210476
1915,0.873415032976883
1918,0.6719891832115524
1919,0.15688345611787097
1920,0.2996120723936102
1921,0.4562220399507087
1924,0.16840535324125563
1926,0.9832229925465408
1929,0.18157846659445728
1931,0.6892956597047825
1932,0.6146116170376038
1933,0.46436331757504357
1935,0.5246659139472762
1936,0.8116827279849484
1937,0.8568400357803563
1940,0.15228645752714315
1941,0.22053490684607724
1943,0.5511172732742957
1944,0.1719820856946145
1945,0.9972658654678151
1947,0.41862939327296456
1951,0.5874639487603199
1953,0.4309520700613236
1956,0.9884896992071278
1959,0.1587466158346155
1960,0.40777345764370865
1969,0.3362064667813989
1970,0.4242244914133375
1971,0.9094145587240502
1975,0.06230194396587567
1976,0.27269447658021423
1977,0.6371549776958558
1980,0.1899463862716292
1981,0.7828600768599367
1982,0.44876756705004595
1983,0.9825608889007637
1985,0.7278906880383768
1986,0.7842122771835278
1987,0.810613844439712
1990,0.29927526132357946
1991,0.5006922575237388
1993,0.9517990536647113
1995,0.9865534301245575
1997,0.985316705691174
1998,0.4325671295967926
1999,0.8614732365226538
2001,0.815965642387242
2002,0.4478452529595286
2003,0.17134978624272731
2007,0.35936150079617407
2008,0.6822281006400694
2010,0.7228957069491674
2014,0.1517104182009948
2017,0.5349680262074338
2018,0.9602069912557797
2021,0.3240389303009546
2022,0.30629480148268545
2027,0.6391388002869195
2028,0.1971334568790435
2033,0.2087902621870526
2034,0.508510100537077
2036,0.4325968938530481
2037,0.6948649994736734
2039,0.43653134295942086
2040,0.2549065797044715
2041,0.2247230506969488
2042,0.15629041033327598
2043,0.1671219137400956
2047,0.9208574447549978
2048,0.39028911190245785
2049,0.21461379128455177
2050,0.1894571722469598
2052,0.9587919921865942
2053,0.766302530034332
2055,0.9708214522445028
2056,0.7822026201785961
2057,0.46491548732137755
2059,0.20704663820955643
2061,0.1625745625879092
2062,0.2414630842873633
2063,0.44546138532793506
2066,0.9330554709232183
2069,0.2864110357751083
2071,0.9515355765382436
2073,0.014454521277402432
2075,0.9916912639787718
2076,0.19106661599363475
2077,0.3290404915577893
2080,0.32782930614590683
2082,0.8083683767374601
2083,0.9459421187989925
2086,0.6283458195619307
2089,0.7394215428710751
2090,0.3365653578819769
2091,0.859056056515111
2094,0.6505095681703827
2095,0.4038257368614054
2096,0.8570673339897728
2101,0.9768656272536347
2102,0.31713543997984195
2106,0.29475538090541287
2107,0.9454219821184957
2110,0.5258387762933822
2113,0.945470451182396
2114,0.16072114426155978
2117,0.9136057039110564
2118,0.16420768191557095
2119,0.48291321210613086
2121,0.9891972103489312
2122,0.18278968091101153
2123,0.7337790321758824
2126,0.4928117225094465
2128,0.8088868737801315
2129,0.9000988617656263
2132,0.7620634976383547
2134,0.31062391032272374
2135,0.2314607270944491
2136,0.3928696378707928
2137,0.48178468925577617
2138,0.21367751951758646
2139,0.9871673760977144
2140,0.39710790415573477
2141,0.6548999595633864
2142,0.3134440165221219
2143,0.3265054870046303
2144,0.9875758988720449
2145,0.4604086302229745
2146,0.7043054464337354
2147,0.21543751675708084
2151,0.7401800507208622
2152,0.9268395217172805
2153,0.18998759785690106
2157,0.10029404743784699
2159,0.5332147316319706
2160,0.44569120869113754
2161,0.6892026720229614
2162,0.6004080125129722
2166,0.733857705276033
2168,0.9985387135725496
2170,0.3266219757788963
2171,0.2536071498194682
2174,0.549252147770587
2181,0.25817775628280115
2183,0.41538018388719
2185,0.6983491757166973
2188,0.3623321786414899
2189,0.9865602928023687
2191,0.9141341240881199
2192,0.9388581348277569
2193,0.35270609607752473
2194,0.8743030998921719
2195,0.1724363092060783
2198,0.6633772718210283
2199,0.3558264572665163
2200,0.5268491451906953
2201,0.024863971710696115
2202,0.9427670634865685
2204,0.9465864173738139
2205,0.5375963587893092
2206,0.367505284443855
2208,0.5890931937213515
2210,0.1746278080433643
2212,0.6355565741044624
2215,0.9976183443358638
2218,0.855741420670562
2220,0.9668870163452897
2221,0.9091731870317687
2225,0.9932474898526433
2226,0.30995794022176937
2232,0.6646903655626123
2235,0.35380746225348014
2236,0.6859468917351388
2238,0.4125391102044971
2240,0.9936781823665953
2242,0.44438202494279266
2243,0.9906198579958365
2244,0.41014009452799305
2245,0.3297895714983118
2248,0.7034814196117256
2249,0.34522285764943705
2251,0.2768413805491928
2254,0.8113287746924973
2255,0.42725673191682184
2256,0.17795290316597423
2259,0.20370708754691388
2260,0.9432084094115524
2262,0.18946328931937614
2264,0.9913170099639714
2265,0.9710380318740429
2266,0.16585119636101892
2267,0.4074649477772488
2268,0.7811777373860257
2269,0.9064444145735251
2270,0.40557933837194776
2271,0.40884898123279056
2276,0.3341016289739709
2278,0.958741632756374
2279,0.7597050022330991
2281,0.5559709347573388
2282,0.3326958276538008
2285,0.3661591889228061
2287,0.9723755337423623
2289,0.7997128035503835
2291,0.8456514118537622
2292,0.8085560501685366
2295,0.725312236261604
2297,0.3004166089445239
2299,0.9698556669381456
2301,0.9963475872234344
2302,0.882198998714657
2304,0.9325303286515737
2306,0.49588148268480314
2307,0.928567238288988
2309,0.5834110898888526
2311,0.6437424105459038
2312,0.99874693436721
2318,0.18710412515217292
2319,0.18563722472472563
2320,0.990443808337937
2321,0.9857402811900761
2323,0.16462199259714294
2324,0.2586871886347496
2325,0.47771411970943656
2327,0.7017422479700255
2328,0.8095055875754552
2332,0.9581562268363606
2333,0.2792286118886345
2334,0.6973030006583573
2335,0.8514608594985991
2336,0.8108771615326172
2337,0.45701511627386054
2340,0.4358007430513846
2342,0.9977923929444725
2344,0.9909587057997902
2346,0.35718713085865783
2349,0.28127184682240663
2352,0.15158805088695826
2353,0.2504093916868552
2355,0.3978660431137574
2358,0.2632584171476802
2362,0.34192702565681965
2363,0.2515713982278017
2364,0.4359640775976753
2366,0.43748845557932253
2368,0.740014712422594
2369,0.36102162392967413
2374,0.7341169959890542
2377,0.9002654426761894
2380,0.7672377907974622
2385,0.271182250646175
2386,0.1815329406839679
2387,0.23796748511589758
2389,0.2564672296994895
2392,0.19955468607796392
2394,0.33302195622976277
2396,0.6880818841823468
2398,0.45938279462826265
2400,0.39607930578570716
2401,0.187114333931268
2402,0.635078510222288
2405,0.1528705984594838
2411,0.3197092998048445
2413,0.7596422112489536
2417,0.9916422206516071
2418,0.9462382866533514
2421,0.34809658163026347
2422,0.27834090465559075
2423,0.20306509292890282
2428,0.9796342345595337
2429,0.6097115692665167
2432,0.46717076215289177
2433,0.2784770506521281
2434,0.3496291087852164
2435,0.26086767447288367
2436,0.21712721184311654
2439,0.22220872564809396
2445,0.7070422128707599
2446,0.9685866357030585
2448,0.7501678960647759
2449,0.7992491766388429
2450,0.2398884099988058
2451,0.1972181431497781
2453,0.8288176634784244
2455,0.7537107081309554
2456,0.969729713434245
2458,0.7353738922082866
2462,0.5895387012928712
2465,0.9138831706860766
2469,0.8393996810568461
2472,0.3649431974271368
2473,0.8535255983057732
2474,0.7384081887630666
2475,0.8317909673829864
2477,0.48451620080374064
2480,0.5058140177032638
2482,0.9897050619979929
2483,0.9505898155537165
2486,0.15352516477880712
2490,0.18727747224679817
2492,0.9982104998102379
2493,0.34587176320756136
2496,0.18786605222853334
2498,0.36577279555766357
2499,0.877015952734321
2503,0.6359403550364608
2504,0.3361208997687596
2505,0.49573703668703195
2508,0.7299083962349476
2509,0.9762267873682922
2511,0.7828545210101943
2512,0.43832912959919923
2519,0.9657375598171013
2521,0.7448696627418151
2522,0.16644331922074926
2524,0.1744673901991612
2525,0.9834652268317899
2528,0.9271071933976132
2531,0.7204003247610106
2532,0.3097214344052545
2533,0.22263401091134805
2536,0.7009071340677014
2538,0.7742969557624146
2539,0.15260863917537598
2540,0.5133109568754339
2542,0.7895625809200444
2545,0.8683287297559779
2547,0.1889932812328167
2550,0.9953724594442055
2552,0.18407652797204058
2553,0.3452848037815609
2557,0.6050655818541509
2558,0.15149971625037725
2559,0.9996919379563964
2560,0.1541647703475697
2563,0.9834302111313323
2566,0.8816621275662099
2567,0.7034831588992807
2568,0.8342017366016414
2569,0.8226689019715029
2570,0.3362562242963007
2573,0.3138491756745326
2574,0.29569448626519956
2576,0.9820621560477926
2577,0.15563403150976932
2579,0.16467041018904188
2580,0.9996475832424576
2581,0.34730022275729167
2583,0.722575274004991
2586,0.9711446800070747
2589,0.988285091540005
2592,0.6491514455636449
2593,0.8181689993959489
2594,0.9888454390393374
2595,0.5037117186595724
2599,0.6510153418107948
2604,0.16493184045794262
2605,0.9885494263244955
2611,0.8305661510748873
2613,0.7174543056327333
2614,0.2939351878113176
2617,0.9954348092232388
2618,0.7190949901012973
2619,0.45318731279277774
2626,0.20833897803367832
2627,0.21240804828276086
2629,0.9146450482774234
2630,0.9365805878786042
2631,0.6860404420722291
2632,0.35409543813952504
2636,0.8421711780017991
2639,0.9697661325231496
2640,0.7591022893177701
2641,0.7571482368354387
2642,0.965901489402672
2643,0.15893220275906872
2645,0.2171398609089295
2646,0.9496494070495054
2648,0.20449604711456223
2653,0.48901066351674344
2656,0.9880659308466482
2658,0.42187442393219987
2659,0.997435583979743
2660,0.1579266019674425
2661,0.9896738480836021
2663,0.5573274328359816
2664,0.9588085899635737
2665,0.9928188906142307
2666,0.9944372236618786
2670,0.9483841868604308
2671,0.21162011209071402
2673,0.24038016491062525
2676,0.735277180109918
2681,0.8615934475754821
2682,0.7399641636439526
2683,0.7951451047728871
2684,0.022044506092127797
2690,0.9934840872993557
2691,0.7914789443270025
2694,0.00816354799563141
2696,0.5102812264485327
2701,0.9903119415391471
2702,0.8065054751758106
2703,0.9443413263474634
2704,0.7310155964302095
2706,0.23760264872527825
2707,0.9714720131256052
2708,0.3549027363409172
2709,0.8645710579302509
2710,0.49581734323324633
2711,0.49278293758420444
2712,0.386231687075199
2713,0.21715868089383158
2717,0.40303411356854996
2719,0.3356660267365652
2720,0.8318223426770802
2721,0.3390819254428543
2722,0.2274619077696058
2725,0.6664315690169921
2726,0.8963408560991242
2728,0.5125676546774673
2730,0.9028589151743424
2732,0.7513672709911811
2734,0.7435150793822141
2735,0.7527155536729505
2736,0.721052190587365
2738,0.5835742506026992
2739,0.17278107201982296
2740,0.9913787285548735
2741,0.47524306901433055
2745,0.6987240710307133
2747,0.34658407858204454
2748,0.8070380831124978
2749,0.9994148032357674
2752,0.4096088223819312
2753,0.8993198174779745
2754,0.619460982217778
2755,0.9938212997075354
2757,0.5095988547733724
2759,0.9519381209183558
2760,0.9439944894614736
2768,0.9098759863978328
2769,0.9889680684642516
2774,0.26134946780588686
2775,0.4552056807559517
2778,0.864692607375836
2781,0.845892927528157
2783,0.998285610018068
2787,0.5763368460057409
2790,0.4890069978486603
2791,0.37037133796834865
2792,0.9811594526906424
2793,0.6078061722820759
2795,0.41019480060812474
2796,0.9120544018257923
2797,0.8423161538082021
2798,0.3038804596878627
2800,0.44859384732765123
2807,0.9896093420463132
2808,0.5432459349857254
2809,0.9394294938172856
2810,0.39017108609670187
2812,0.2989904345194626
2813,0.997088590581504
2815,0.6980459425762399
2817,0.44162954763936324
2818,0.3553923683245897
2820,0.924596245891138
2822,0.7443462313648173
2823,0.8639787516539826
2824,0.21300004658202681
2825,0.7125328692995934
2827,0.965192266043348
2828,0.8933122401172563
2830,0.2048555431920028
2831,0.9129552073132369
2833,0.8496496088606104
2834,0.8526280332764503
2838,0.1206276212746708
2839,0.34295160975889094
2840,0.9620102508035949
2842,0.985336283326618
2843,0.8403750645028657
2844,0.2681511646588289
2845,0.3798246500481946
2846,0.20514753507868283
2849,0.5043671521183224
2850,0.803981206035584
2852,0.34951324972955666
2853,0.2667195173026627
2854,0.4541439153354147
2855,0.8806203327714927
2857,0.9702516721441271
2859,0.44751821110945045
2861,0.8217077687198602
2862,0.972115563907589
2864,0.6283171670031313
2869,0.7177751524892355
2870,0.962871554073127
2871,0.9704857741526907
2876,0.9366641305407051
2877,0.9995650143343416
2878,0.7677829539215103
2880,0.9522316956223793
2882,0.4290328404967981
2884,0.9847792491251931
2886,0.9712853440371041
2888,0.9595790358960637
2889,0.6931294984925942
2891,0.9798386919705386
2892,0.9664943804580182
2893,0.992367243907471
2895,0.2544183368599925
2897,0.6959263398197753
2898,0.9504660999573827
2901,0.6826263262105656
2902,0.8855399568788743
2904,0.8835130552623459
2905,0.9909411548997925
2906,0.20303139360303066
2909,0.20270587257113776
2910,0.7028566413793048
2912,0.8980985404702927
2913,0.4778414792413885
2915,0.7391038099789726
2916,0.2712314730422095
2919,0.3744818135863109
2920,0.8146584682182691
2921,0.36356392088313993
2923,0.376276347911609
2925,0.24046195109468482
2926,0.37612186081115967
2927,0.99694198626348
2929,0.845043623323311
2932,0.5500998455009053
2933,0.9722729202777431
2937,0.7639072049653418
2938,0.9956036209107646
2939,0.9735701774054671
2940,0.3549991535158798
2942,0.9869310704152171
2943,0.9329897998860341
2945,0.43124826449881354
2946,0.9948390049840359
2951,0.5137469787451825
2954,0.9664860721037686
2956,0.15659708217267845
2960,0.2821372522691618
2962,0.4834695031689747
2963,0.3599691448076677
2965,0.8464786323552973
2966,0.47647005120840946
2968,0.7894018472422952
2972,0.4472542951373009
2973,0.9695806893965512
2976,0.6863185966319497
2977,0.3773126898390898
2978,0.5722674056356163
2980,0.8823762166104014
2982,0.39286701857293455
2987,0.944637134732292
2989,0.9989318261567658
2991,0.8695249455379163
2993,0.9385346409470064
2995,0.8297095307330616
2996,0.7869301100826536
2998,0.9997798091286153
3000,0.6782255968573713
3002,0.8724038320343759
3003,0.9665571764522594
3004,0.984678560816417
3005,0.8896473692422007
3006,0.3017732383375293
3011,0.44726926056476296
3013,0.34550399316622427
3014,0.9478874628942499
3018,0.981946112185391
3019,0.9953081331989089
3020,0.8684531531558628
3021,0.7480973184029648
3022,0.32731423003131843
3024,0.7145112556714708
3025,0.5616301380011527
3027,0.7977260010640888
3028,0.7833200125831478
3030,0.9581252861371686
3037,0.8635702568841653
3038,0.7550330915478248
3040,0.3206416420673836
3041,0.9995330169261267
3042,0.3266841695917991
3043,0.18858376490245318
3046,0.9953173314449031
3047,0.8674167626707432
3050,0.8673188826919183
3052,0.7274746207232073
3053,0.16451932513859505
3054,0.8573893008929855
3055,0.25713966632207075
3056,0.7705549683444792
3058,0.09324088348675867
3059,0.22020506847763135
3060,0.9988906404154755
3061,0.8975798092375935
3062,0.9903764023488096
3063,0.9413473202126721
3064,0.9968561331733669
3065,0.16541047218829835
3066,0.5495459953496419
3068,0.4800923451055997
3069,0.23182832856287408
3071,0.7109932193393503
3074,0.9950547137259745
3077,0.5935386999928317
3078,0.8805344851545022
3080,0.9143485687770176
3081,0.6388035421186602
3085,0.21782533360237288
3087,0.9940336058540712
3093,0.8618606989492088
3094,0.7584445067006464
3100,0.3172162256071577
3105,0.33489854588499957
3106,0.9974881127642201
3109,0.6481308860383876
3111,0.7996985523311572
3113,0.9845168720518387
3116,0.33223126161765204
3118,0.9966603390724258
3119,0.20011274908150906
3120,0.047180220428425575
3125,0.8167685035503784
3126,0.663230657619358
3128,0.3536821879106443
3135,0.9999517364445831
3136,0.9322536961829498
3138,0.8442879864414753
3140,0.770259228970619
3143,0.4521876313742496
3145,0.796515631739522
3147,0.6749555192677026
3151,0.9976986222608515
3152,0.7716421666814728
3153,0.6632771683655281
3154,0.7372653435183283
3158,0.41138988317664876
3159,0.6945493507454711
3160,0.7546637906497426
3163,0.31240057789998704
3165,0.9929027387809106
3167,0.3938407595259711
3169,0.8702655530892739
3172,0.533047769508584
3173,0.8396952776049118
3174,0.9477385505216248
3175,0.9697513094578329
3177,0.8079098623697931
3184,0.9843039828668128
3185,0.8389943704616964
3186,0.9073218048294713
3187,0.6396559380113549
3189,0.9737132395024756
3190,0.6933179964916268
3191,0.7763379862220122
3192,0.7429454864709801
3193,0.9226169582374468
3194,0.20319070469562212
3196,0.9853142518163129
3197,0.9940076015241381
3198,0.9897693945450089
3201,0.8429918973993834
3203,0.15335468757977483
3205,0.45496167056174663
3207,0.6712259253640058
3208,0.8742101049243834
3215,0.7078186981416076
3216,0.967028080383991
3217,0.5478346837851937
3218,0.9974166632258973
3220,0.9684946908230171
3224,0.5057052988637283
3228,0.9957283316347824
3231,0.8157443977531401
3232,0.2782698986060842
3234,0.9989528793289384
3239,0.7477375281969444
3242,0.9924988709025729
3246,0.07519019890815484
3247,0.15528532456755187
3249,0.42487166697475204
3251,0.9948522041283909
3257,0.7921410339453073
3259,0.5737170841845343
3260,0.8785667474256893
3261,0.8372964207942746
3263,0.8172195015222684
3265,0.5121733843274238
3266,0.8376132671759949
3267,0.8731212356808681
3269,0.9984615557104789
3270,0.752174020466195
3273,0.9942362100636359
3278,0.9741902059941476
3284,0.6410076476107618
3285,0.17692861585128503
3287,0.3408449796926148
3288,0.8632235764619375
3291,0.2505680436432222
3294,0.9034438149993282
3295,0.1761390173923927
3297,0.17253695415368686
3299,0.40588356162145045
3302,0.8599948240067642
3305,0.9981429008399316
3308,0.9825687565531174
3309,0.5930801016197481
3310,0.5615439927678395
3311,0.2491633857886555
3312,0.20967702585606815
3313,0.9948026221177724
3314,0.439234260110694
3315,0.357924629463958
3316,0.9902994894627848
3318,0.3515563865196293
3319,0.995551020018199
3320,0.6900097664989078
3322,0.9696914399194972
3323,0.9900116405186417
3326,0.8481932329854213
3329,0.9408358138904293
3330,0.018757807706218082
3331,0.9200570443138633
3333,0.8498252646476182
3335,0.9874221932404744
3336,0.9744740082273015
3339,0.2118953196727895
3341,0.9969596348212311
3343,0.9120537822589717
3344,0.6602816697193074
3345,0.20141869418611197
3347,0.983973596988693
3348,0.22851706021258048
3352,0.968880677052571
3353,0.556043693518069
3355,0.4667174174678508
3356,0.6592269921927053
3357,0.9953486691001059
3362,0.944510437448571
3365,0.6761453184220032
3368,0.9226199762331221
3369,0.6209098400040147
3373,0.35467388243584225
3374,0.5156618322789619
3376,0.9899099416890342
3378,0.87444204660387
3379,0.9968042505325638
3380,0.7251426726664117
3381,0.8347545823216405
3382,0.9908477696520336
3383,0.9934640687786876
3385,0.7627948842541691
3387,0.6490089138833208
3391,0.555451841574087
3393,0.2689411915375885
3394,0.9993699817949098
3397,0.9770076993047329
3399,0.9876403331123418
3400,0.823350767082479
3405,0.45302595775641397
3406,0.9998699650018759
