2,0.22903175148684124
3,0.16008572784792446
4,0.21543942210132583
5,0.3996486325245937
6,0.5049180851533285
7,0.24786057718678497
10,0.1914857340247695
11,0.3246894480501316
12,0.016084223567645037
16,0.2842569831452541
17,0.27285659882236324
20,0.3734272888377518
21,0.22082274539893737
22,0.23459728903015598
25,0.23009962444000678
28,0.1761459497016979
29,0.15566594606588605
35,0.3169665840149125
36,0.3018574282726228
37,0.23643750581122744
38,0.2217937379690736
39,0.17952610432387536
40,0.21412741856330325
41,0.36008251256991297
43,0.1717728215931533
47,0.5166051418360735
48,0.2477829269021276
51,0.15277912006184652
54,0.23443808550310072
55,0.17731197482780525
56,0.17815528822062848
61,0.32880840779912907
62,0.30179277174978414
63,0.169656444095252
65,0.2095380085363695
67,0.18326361856732484
69,0.19146676069261487
75,0.4171287830093831
76,0.16484713436610252
78,0.3087830160667017
79,0.35024245219365185
80,0.2835076401260543
82,0.17734728179819695
83,0.3007533840420126
84,0.21812960297266976
90,0.46647201104211206
91,0.43804798949887563
92,0.1784242495764503
93,0.26823787959011985
95,0.1909888328516899
96,0.18625831684908137
98,0.17427496409149051
99,0.49257757603943414
102,0.2192081910866597
104,0.3472051607015511
107,0.231977707811425
108,0.16991559589815922
111,0.20081606765671572
113,0.23122061677764294
115,0.1706963630655098
117,0.49683743223364074
118,0.40815343660006775
120,0.22251572415510723
123,0.23412985133495015
126,0.3590445362681282
127,0.26629508003573765
128,0.36189156672684436
130,0.5054339304482856
131,0.3604239943762799
132,0.17971411117947075
133,0.204017953823663
134,0.18883627699238847
137,0.28880670918311124
138,0.5611890645291131
139,0.2149824490352059
144,0.46572986479914363
146,0.20788285054930342
147,0.2771712428906481
148,0.17911473218560334
149,0.18707856589835728
154,0.2254599689350626
155,0.503390857339278
157,0.1618407522474795
160,0.503066438859632
161,0.2735286734270908
162,0.310613887191112
165,0.18846388604319145
166,0.18946525076346482
168,0.1846129171926912
170,0.2245173647660177
172,0.17655614851870766
173,0.16602255588022893
181,0.15342775873079806
182,0.41890274490474716
183,0.4250410450968798
187,0.38746477658595424
190,0.18153245853000236
191,0.22062812098499465
192,0.21852389247400056
194,0.3293390396436364
198,0.23608482808246858
201,0.29770558861414376
202,0.19612413441381982
203,0.2312566627769072
205,0.16110250629829667
207,0.660132892208333
208,0.1577838231954742
210,0.3061705735833704
216,0.2676168438195785
217,0.1733597609634564
218,0.3285423391340306
224,0.20998409261718357
225,0.28409926511077843
226,0.25202356528431985
229,0.49629083196504725
233,0.5936296453746446
235,0.2741291160028435
236,0.23079627895674107
237,0.27662828808283063
242,0.23906146268677225
243,0.232472889890163
245,0.2520844465640534
246,0.17847068497669266
249,0.3537281712869112
250,0.3146817241237025
251,0.38883007962218946
254,0.17280844184657837
256,0.16425611941733767
259,0.24208737904045222
261,0.9914741705885398
263,0.18476445383101725
265,0.15739866056815893
266,0.7230593769894034
268,0.19711172336004337
269,0.43518121505809915
272,0.478828916132239
278,0.22225359594378083
281,0.1785176347532067
285,0.2714928830524673
286,0.28270884339079194
293,0.15642718148662596
294,0.2896836459214108
295,0.16246934523534873
302,0.22795812634784088
303,0.3262892016161724
306,0.24653078264004666
311,0.3293419147997482
313,0.17089757233489625
318,0.33978431649584756
320,0.304758522415205
321,0.27705374687317663
324,0.16992574683293032
327,0.2553719249089618
328,0.17303269795983842
329,0.051490147492777284
330,0.2237223768955075
331,0.21016964237414454
334,0.2278076909336574
335,0.16392668440981892
336,0.2663347043810922
337,0.17635922102250073
338,0.8985146174369152
339,0.1881902264915701
340,0.3274377743046394
342,0.17732628971949072
346,0.15752192567212975
349,0.32977907143522056
353,0.5484936246181279
356,0.19368576016095365
357,0.18700537878558812
358,0.15940582523854027
360,0.22192031079357005
363,0.25286471175895736
364,0.17073327999179813
365,0.25372888198195487
370,0.333054983293796
373,0.2796836694119443
374,0.17998223640832717
376,0.24460426293842277
377,0.38444494124097145
379,0.32295896183032513
380,0.17966656621849625
381,0.1663110453007802
385,0.22580586860978044
386,0.6303510133778808
389,0.16932064684769277
390,0.18085321581241898
391,0.1727332043630815
392,0.1576837244920531
393,0.3581453469216758
396,0.2506685624861715
397,0.29660630921430775
398,0.16298553432513782
399,0.43633279883455556
400,0.19608203663731205
401,0.18633940199018134
402,0.1737641853259086
404,0.2750297576319295
405,0.4367284808278156
406,0.41056125991664766
413,0.18821801678375635
414,0.16260912310335693
418,0.23652317166565326
419,0.19689896239821117
420,0.16500139432623367
422,0.232646477238269
426,0.22738365797316898
429,0.16354986752812467
430,0.17402276830325974
432,0.23567972704803075
435,0.2647088573085948
438,0.6246121284622015
442,0.16670571209580207
447,0.3754662424194644
448,0.2179617467544402
449,0.3479035464714557
452,0.22134243762674494
453,0.6586201984913073
454,0.16907702274276848
455,0.4084965018174238
456,0.2150238073569985
459,0.24547606924979723
460,0.2751850428206439
467,0.29858462909789474
468,0.30286639807574867
470,0.2525695159029449
471,0.32561655559391345
474,0.36171282649017367
475,0.2268088718186428
476,0.16664234924829963
477,0.2731471095351949
478,0.20909172884947166
482,0.21921631641245762
484,0.180682259829286
485,0.16862113023790315
488,0.22595976711769938
489,0.391303724364973
492,0.9786322315552549
493,0.22341485850432066
497,0.2386843983239231
500,0.45986020051642545
503,0.43491713122924547
505,0.17685160051041748
506,0.19559279785400174
511,0.2534546271137885
513,0.20986741625108132
514,0.515719339426529
516,0.24944642418006316
517,0.4639855638065025
518,0.4691270110942556
521,0.21539234692539463
524,0.17436459341954774
525,0.3626010764901835
526,0.1804779665250012
532,0.30065809238331653
535,0.02576571553554103
537,0.4855896719546097
538,0.17678617778160235
540,0.23689102927296024
541,0.20370183168615796
542,0.18393483337986094
546,0.21412190337377382
547,0.4184480061734596
551,0.20263317069582318
557,0.3028008227469645
559,0.33112044605067065
560,0.6574658689177293
563,0.8448865733896775
564,0.17906943981003817
567,0.18161339339466498
570,0.1918736842023515
571,0.31850035259636256
572,0.15559082304904162
575,0.23678429513196672
577,0.1717013117802646
578,0.28684139246545504
580,0.5484070605164142
581,0.21838822621284276
585,0.4134679030207675
586,0.36229895158897835
587,0.9141014877812133
588,0.42365304113498403
589,0.7335055248226243
593,0.25060546201780004
596,0.17450151248674092
601,0.510419642300438
604,0.46723964971614557
607,0.2422430415728495
609,0.3005684414460429
610,0.3272781526295302
615,0.38265920509331397
616,0.4225899208865375
617,0.3232654788659217
623,0.2778931570554403
624,0.3368394137858232
625,0.3256399651462923
626,0.2518303437475935
628,0.2658956096506038
629,0.5065066047370435
634,0.2754319516822621
635,0.4160084554284673
636,0.23816157583409664
639,0.2401272701450712
640,0.35816591368412737
641,0.5890567357304953
642,0.22785109449805319
646,0.29255217248131127
647,0.3371594437603407
649,0.18978276729109242
653,0.4796423272674641
654,0.4051957865499815
657,0.30950272555024133
659,0.3841552598124849
660,0.4489574584595394
662,0.2705269206239273
664,0.2310219712544691
667,0.2676373266107186
668,0.27909855336182277
672,0.22127196866378557
674,0.2765430843550968
675,0.4998986200177459
676,0.32987339781223746
682,0.16963201465424005
684,0.3396204068315448
685,0.3545554726472728
687,0.19922623435299078
689,0.4638894848257605
690,0.3197891765348737
693,0.48715783205643876
697,0.39566175733311904
698,0.23563063921102653
699,0.3440456373250152
700,0.1868878345040134
702,0.2031828552240805
703,0.23335968740453997
704,0.5135173569490689
705,0.33573202721887446
707,0.34030997384800615
709,0.266685776421219
710,0.20240844646110304
711,0.18142796771264388
712,0.2089800281004673
714,0.3274733512446998
716,0.6020401901742638
717,0.19922337964240344
718,0.4501927757347763
723,0.26075931580465556
724,0.22259598072285772
725,0.16058505065438963
726,0.3298379750662068
727,0.5262734020811113
729,0.17653341725504915
731,0.19673548821423034
733,0.17813462347709563
736,0.3272956290138984
738,0.23349205413926122
739,0.3759364831465109
740,0.4640800619119806
741,0.4363118674790579
746,0.3969865838109863
748,0.4187834610291074
751,0.7112563567151933
753,0.15705630636488677
754,0.36504424739713565
758,0.27959751456139376
759,0.17564610632610014
761,0.2032558343323579
763,0.20035845358599444
764,0.8686796495427181
767,0.15886950508629796
769,0.24781155392539397
770,0.17891374298408425
771,0.377653170337109
772,0.2692150363070305
774,0.38425533617076785
775,0.1957016759528478
776,0.184401794180042
778,0.9496431648332884
780,0.5100911193538319
781,0.26839561136778306
785,0.43668610119092527
792,0.189918884052467
793,0.45619630426507046
794,0.46688836331667904
796,0.19126045294826335
797,0.49331323671376137
798,0.5232186371226029
800,0.33227831598308555
805,0.15616293788354715
807,0.2583602198959931
814,0.3595571999397798
815,0.5711578469801871
816,0.7930653948810125
817,0.39518617719046856
821,0.2428842161585647
823,0.3225472417269505
824,0.3333562792644486
825,0.18094586751508987
826,0.1817284453677533
827,0.2721088853025714
828,0.24306189579676477
829,0.37654481614376567
831,0.21372975843428238
833,0.1867805819635287
834,0.3966945387982366
836,0.8791376524900235
838,0.40918533395284395
847,0.39001430710605084
849,0.4117204354608788
850,0.5014431061684869
851,0.5165850512519681
852,0.18109048483918141
853,0.23092850865289583
854,0.42223010800190464
855,0.5447853603225374
856,0.9514367909392359
861,0.43346636625037266
864,0.1912239876667633
866,0.1954407562017449
869,0.35648199857063917
871,0.7188554778879036
873,0.2335773018375515
876,0.18018503020704585
877,0.7132173419971867
878,0.36246500182479136
879,0.49531742857970135
881,0.39788339812454127
883,0.6795752213361048
884,0.25439444144437695
885,0.3490067162491039
886,0.9231561379249578
887,0.26592421483932044
893,0.36627656012676274
895,0.6340737066579241
896,0.4555192298852052
897,0.5400250977727262
900,0.3976461617029403
902,0.21881140000392107
905,0.21603311691353
907,0.179295899413481
910,0.37359838681727425
914,0.46893341758526674
915,0.24293548904910503
916,0.7087953679119652
918,0.2869003210024064
919,0.8885083304754952
920,0.18221061053514515
921,0.35917138470599985
923,0.22685580504573724
925,0.8592778981308143
926,0.9745115666350597
929,0.3413531302935459
934,0.24549083729935794
935,0.3698691802003818
936,0.2397472600453594
937,0.760071847951461
939,0.46766128630926335
944,0.28141894946484347
947,0.348335815025262
948,0.8104354201491285
949,0.35218289839365263
951,0.9343338694566535
952,0.2678488428787452
954,0.2963410576264594
955,0.26507039900226065
956,0.4048118344530575
957,0.20737480648066295
958,0.23493987427536808
960,0.4218562165641008
961,0.46139514278425636
964,0.205073419341416
967,0.24328646755380323
968,0.37683996279139137
972,0.3598426164525992
973,0.4189972334430316
974,0.0370568244739465
975,0.15773546375237332
976,0.24638075128795178
978,0.6967259480977441
981,0.3787786844099812
984,0.41102633859475124
985,0.8628235645799137
988,0.41158284888458
989,0.3410376821081616
990,0.171212323678304
992,0.20337011409804073
993,0.4321841181509601
994,0.22053786150952664
996,0.3722282055929511
997,0.22443239450035582
1003,0.40236130297525075
1008,0.3353152913858571
1009,0.49909121892773295
1013,0.18199945767396175
1014,0.3239916980320646
1016,0.16497558512457297
1017,0.16937682679759442
1020,0.22752723701557215
1021,0.967833121355735
1022,0.24812365178642373
1027,0.23433486983097654
1029,0.3228975140101687
1031,0.41021001895424075
1032,0.4632901062286418
1036,0.17005699398784002
1039,0.4418836493691831
1040,0.8323808097395442
1041,0.1665932338602537
1044,0.7098365915656784
1046,0.22520351863881186
1047,0.3986138511580172
1050,0.4113062268528755
1052,0.332208114982508
1055,0.6588011385264703
1057,0.5067183116559784
1060,0.2396731166713486
1061,0.7446401215637134
1063,0.18116179301576057
1064,0.2696268275225427
1066,0.38936744908259
1067,0.2602602732396133
1070,0.8724219151397354
1071,0.3370597209735139
1077,0.9236365862622992
1078,0.2230752078812076
1080,0.34107747559723073
1082,0.27075558015834766
1083,0.38906655151921216
1084,0.6954886162887265
1086,0.308501682462084
1087,0.22717202838177178
1093,0.28093307311689303
1096,0.2845662398064706
1099,0.5151229508005248
1102,0.2780997737199075
1108,0.7652201692707854
1112,0.43604035653578127
1113,0.5785849511883936
1116,0.9517957979940559
1119,0.4908058990926772
1120,0.19038538265173532
1121,0.585891099069145
1122,0.5074484110956293
1123,0.2642366651775127
1127,0.23542490753413922
1130,0.7846917664041253
1131,0.2774507086894896
1132,0.2616739019471959
1137,0.4106804268027119
1138,0.7765982663223777
1140,0.162905575615975
1141,0.4666260375545839
1142,0.332678606941783
1144,0.4758863214659787
1145,0.8154560062697614
1146,0.8206987082541723
1148,0.8100199525098951
1149,0.4880843838380875
1151,0.47101428809991486
1153,0.5469422286043382
1154,0.8581296151071429
1155,0.8754687041815487
1156,0.3083819995707498
1157,0.34577551938641077
1159,0.3704180167449493
1161,0.2595425389937474
1163,0.717133187533201
1164,0.30624000376844973
1166,0.8911755864543246
1167,0.8740357207461458
1168,0.4988785356009329
1169,0.8080134597887224
1170,0.3462239405032947
1171,0.7529397138269979
1173,0.23010079649484752
1177,0.3509255244191421
1181,0.15805554864025195
1183,0.26244440497279464
1184,0.2893200529497893
1185,0.2353603192131665
1186,0.3656525904480477
1187,0.7829881489934383
1192,0.16631269485061964
1194,0.511290472727148
1195,0.2957612485057863
1198,0.2967334657239785
1200,0.623536556933613
1202,0.6802210675031739
1203,0.9000606769201875
1204,0.02785520061667917
1206,0.4112663693585919
1210,0.30971150734939756
1213,0.45532656667180776
1215,0.6106016317135364
1216,0.674056634641404
1218,0.27176037841279993
1219,0.4417724772772385
1220,0.2402048058273543
1224,0.44258479865403944
1225,0.7965536472182605
1228,0.9716016035445393
1239,0.3025753178819609
1241,0.20895792899641405
1244,0.5991205845586227
1246,0.31541354446166336
1247,0.3386392492648529
1248,0.3739246676457217
1249,0.41849713920609083
1250,0.4233651052794657
1251,0.7213682125976013
1253,0.3697842527674381
1255,0.3203374306056848
1257,0.2862428162383023
1258,0.3154307038066216
1263,0.3363884072955743
1266,0.35503700456623305
1267,0.46728826444502725
1268,0.3473183195198433
1275,0.363777631996293
1276,0.47755269647030235
1277,0.6332260985229664
1278,0.7821270391327938
1280,0.40780901490914967
1281,0.4714414912221161
1282,0.6635937123484826
1283,0.4153996041860837
1285,0.8446709182168991
1286,0.22140273460276383
1288,0.28117241596212833
1291,0.44916471993152945
1292,0.9339309574312522
1294,0.475375636704796
1295,0.33692661366143545
1297,0.983422660789184
1298,0.5271166142607517
1301,0.3103896812832945
1302,0.26828144943681986
1304,0.37349605462488367
1305,0.3050324104872493
1306,0.16037687632527392
1307,0.4394839008230635
1309,0.5361203191481195
1312,0.530477167642955
1313,0.9918049295642507
1315,0.3310410586873652
1319,0.40660196350889694
1320,0.6023958932791809
1325,0.36391734737699594
1326,0.35722684731899207
1328,0.4640470021751748
1330,0.33626725947177566
1332,0.2683087481546392
1333,0.30338544158136843
1334,0.28247887577470304
1336,0.5229358355704989
1340,0.1559296172354546
1342,0.6321863308300343
1343,0.8132446275819073
1347,0.194031194302502
1348,0.9866358560133787
1349,0.3468035574985712
1350,0.9687663908669986
1354,0.37884891966652323
1355,0.24453421386270854
1356,0.16315748094150323
1359,0.8915360286172123
1364,0.31725753043392596
1366,0.5957820706030533
1368,0.9774392746270297
1369,0.4112757412732393
1370,0.1967376676703437
1372,0.112021476301668
1373,0.2559655298220017
1380,0.3409966925214323
1381,0.15783127557540394
1383,0.29451005248887274
1384,0.2214302597277137
1385,0.482933162742564
1387,0.7634244209533757
1388,0.18970815035389424
1389,0.2757394736659948
1390,0.5250261575676789
1391,0.3849883283854775
1395,0.9562152685039533
1397,0.20677376854502627
1401,0.4658382631076605
1402,0.8500934391075148
1404,0.2194040403948305
1406,0.17737526909766452
1409,0.27092022448121245
1410,0.16528707421489433
1411,0.46382937447939593
1416,0.7011362775995551
1417,0.60878790491862
1418,0.8214620251900142
1419,0.6643513806800624
1429,0.20887405557069905
1431,0.4522869276754309
1434,0.8730643337903774
1435,0.861173165273946
1436,0.17496009807286428
1439,0.9828913252070159
1440,0.3842341204908211
1441,0.5573740292984696
1444,0.8346964306100934
1446,0.3325837588540387
1450,0.2950658460360258
1453,0.8417058783264484
1454,0.9310186912176673
1459,0.15485950196383003
1461,0.19993665990398268
1464,0.5013594937948663
1465,0.43784588178529593
1467,0.26088722493011585
1470,0.46574160311569074
1471,0.461572191562403
1472,0.4091437900401176
1474,0.8710670020387605
1477,0.9683322073852223
1479,0.4940038292098891
1480,0.5121084772541369
1482,0.1763331145086551
1483,0.8041691562153479
1485,0.19401731118851576
1486,0.7573621946611967
1487,0.743409203828872
1490,0.6046128516814312
1493,0.14390670069829894
1494,0.294124375017629
1496,0.5905672806658483
1497,0.9258050612736375
1501,0.6511165222256113
1505,0.4708059378124154
1506,0.8559431459311291
1509,0.16260409771776532
1513,0.39438746461215507
1514,0.35839076350036264
1516,0.4544558730096245
1517,0.16175686569640357
1520,0.40974263380908515
1521,0.22657662549725652
1522,0.9224701393641993
1523,0.8281547446628608
1524,0.35372333008112516
1525,0.16112340626608296
1527,0.17504483975007668
1528,0.949312728068339
1529,0.9550834679980434
1530,0.7486139796746786
1531,0.6107850133331565
1532,0.6186474468189899
1535,0.3937179228038256
1541,0.4299586457214977
1542,0.4094806181811064
1543,0.34608557604907464
1545,0.3400578190350686
1548,0.48075546786849255
1549,0.4710114743308676
1550,0.23139395354995257
1551,0.713250032768724
1556,0.4098112853986903
1561,0.5647811265793754
1562,0.40226187965549864
1563,0.49479892351189114
1565,0.34409569422472136
1569,0.6980588032572387
1571,0.16109701025209192
1572,0.3830200876488085
1574,0.3586719370641993
1575,0.25996531500693904
1580,0.969165193425444
1582,0.9462377198067952
1586,0.9910753800377011
1590,0.20398605292385363
1592,0.5833804235692249
1595,0.20558092098074654
1596,0.8850258431449216
1597,0.1874121814794889
1598,0.3635140192024882
1599,0.9454940188899795
1600,0.32735773066032037
1604,0.30960030333238797
1605,0.6290545822829651
1606,0.5267382901963724
1608,0.9255723948884339
1618,0.954703246805718
1620,0.743749904224021
1623,0.2174454859303541
1626,0.41242456927238713
1628,0.4026874025825011
1629,0.6872911006552315
1630,0.43714543216860496
1631,0.2607315600280976
1632,0.9890381586521383
1634,0.9349688331276265
1635,0.44588657453807656
1636,0.6012605749954716
1637,0.2534791613324123
1639,0.5791830005208143
1640,0.3953091511956185
1641,0.12292200819965866
1644,0.8789198017444648
1646,0.5902873275614079
1647,0.19376131192938306
1649,0.3405703004140045
1650,0.19868037586889833
1655,0.16788667691241327
1659,0.966014363587115
1662,0.027969958425381775
1664,0.35930927664984064
1665,0.2158918851136633
1669,0.3787012413664914
1670,0.5600358220369577
1673,0.6847234763160692
1674,0.2679341323811777
1677,0.34313836051320357
1679,0.32282835591003106
1680,0.9190464939765579
1681,0.3796086193061648
1683,0.1975643218263727
1684,0.23412067060924813
1686,0.37398559011329546
1687,0.43539168642948056
1688,0.5176379908000434
1689,0.9611638880454632
1691,0.34763264774782054
1693,0.16188202809122226
1694,0.9771283720393967
1696,0.9509843007170474
1697,0.44586660505430487
1699,0.8834552439244917
1700,0.23527400642002486
1701,0.3790056847969535
1702,0.3171189391624912
1705,0.4610543706590274
1706,0.40783867684103736
1708,0.32797360011836163
1709,0.17863363899673032
1711,0.2050304088039439
1712,0.4587708130711574
1713,0.47190592287773453
1716,0.434374992468074
1717,0.21736590159150218
1720,0.8060153741218169
1723,0.48113552647070823
1725,0.9141190729316669
1731,0.4323327415685519
1734,0.375060395529138
1735,0.34155670622863843
1741,0.2625289211168916
1742,0.9494331448017583
1751,0.6231844376428372
1752,0.5207068049436542
1753,0.2837630915727874
1754,0.4302797505188152
1756,0.3259241903667215
1758,0.8397798484826591
1759,0.4017052710849523
1760,0.35719229659591634
1762,0.19788092187866754
1763,0.956444326507561
1764,0.2254228302763995
1769,0.2486553468529718
1771,0.4626875823414346
1772,0.411402043052692
1773,0.23386927573574082
1774,0.37975635684253306
1775,0.16713826510120047
1777,0.4786205656192896
1782,0.9948452418641389
1783,0.8318129501228534
1786,0.9202164767608658
1788,0.7900984350399922
1791,0.6283484904081439
1793,0.43749983841783013
1795,0.3444533073318694
1797,0.9824878756014012
1798,0.9663168806563882
1800,0.8950772144688761
1803,0.3477993142815945
1804,0.6607366897864418
1805,0.20353251898721253
1807,0.6899886707712962
1811,0.3135486148456437
1817,0.8828918563829717
1818,0.8692284537465286
1820,0.40509191289937163
1822,0.5258505589320971
1824,0.4347494023026416
1825,0.9110671484239939
1828,0.7452485296446675
1829,0.20808942158286933
1833,0.2535423783408745
1835,0.28618212085355277
1837,0.33443839136056475
1839,0.17974021680879698
1842,0.21549888161024508
1844,0.28524906736138567
1846,0.1873707035261275
1849,0.4537294012653567
1852,0.425495940006742
1853,0.007099377288192928
1854,0.9082225465852637
1855,0.41821601602330083
1856,0.49892328709092515
1857,0.4531544840830006
1858,0.44453102329628996
1859,0.16089436952354016
1860,0.7415613301714807
1864,0.3570264899784554
1865,0.3299161307829711
1866,0.7642839691979498
1869,0.50712696959643
1871,0.15769242336207254
1876,0.4189136723240537
1880,0.9234011151443616
1882,0.33526793046360465
1885,0.18975978405175759
1888,0.3593652255990844
1889,0.2554140221743571
1890,0.4142732754649035
1891,0.822783090904149
1893,0.3774843891968145
1894,0.42006425815575754
1895,0.15958975022811359
1896,0.3383823242535751
1898,0.1851711163428113
1900,0.701927090898744
1901,0.43967202608445694
1902,0.6236859098030337
1904,0.810806628801267
1907,0.4693127273135985
1909,0.6819697971191775
1912,0.27675050297499715
1913,0.4360915281505546
1914,0.8624807792279331
1915,0.8512669003777682
1918,0.6097623723077836
1919,0.2213027420935933
1920,0.3305004864659984
1921,0.5277412730721732
1924,0.24008277233404818
1926,0.9581208710771575
1929,0.20167286031158954
1931,0.639262464636713
1932,0.5760879784886653
1933,0.36521875866545067
1935,0.36892424070019775
1936,0.7313428962571363
1937,0.8812700416279404
1940,0.15909346338376731
1941,0.2039322377915882
1943,0.5458149968545297
1944,0.18353123654386075
1945,0.9941645475106514
1947,0.43847088737351714
1951,0.5468417838070828
1953,0.552370584631661
1956,0.9804795065149402
1959,0.17024804892888548
1960,0.5112239059735724
1969,0.4611283285881398
1970,0.4989634285779262
1971,0.8760281012572516
1975,0.06630259692801772
1976,0.3745826850485502
1977,0.5858669777105576
1980,0.20226589786930776
1981,0.6712476316479302
1982,0.46071274141280744
1983,0.9855890429902084
1985,0.7029886683920487
1986,0.8749070267600458
1987,0.8358856508945133
1990,0.3894836192453166
1991,0.5138009855814172
1993,0.9694715856982778
1995,0.9799391153977282
1997,0.9760206059030494
1998,0.32234134305157575
1999,0.8555803170002592
2001,0.7593338721421559
2002,0.3640605530307509
2003,0.18117091429622675
2007,0.4437974908907111
2008,0.6891093046807943
2010,0.7101567690218586
2014,0.1589545016253676
2017,0.6039666240948028
2018,0.9192980192887651
2021,0.356158774085813
2022,0.34744063484599913
2027,0.6016455407147876
2028,0.22225562467149884
2033,0.24245212401860236
2034,0.4071512486219809
2036,0.5058834191865387
2037,0.7421155230275353
2039,0.4388185285251461
2040,0.2922418873925695
2041,0.22059856074171164
2042,0.17467762814444973
2043,0.18731416419483585
2047,0.9284426033907528
2048,0.42647271996909614
2049,0.2166413802241632
2050,0.3919250252013079
2052,0.9275085830769323
2053,0.8085094363928095
2055,0.9560362214820427
2056,0.7074139579210075
2057,0.5328264520695888
2059,0.3138850865351904
2061,0.19736173286643405
2062,0.33688782818140084
2063,0.4678683623876374
2066,0.8513021381671667
2069,0.31762391902421966
2071,0.9816297414847748
2073,0.05217089340397154
2075,0.9835405332373177
2076,0.33650540995659933
2077,0.45772159665881407
2080,0.5213612994388114
2082,0.8620979515963682
2083,0.9568575895860916
2086,0.6723137922372957
2089,0.7440725780700198
2090,0.35602623424293345
2091,0.7465882203871422
2094,0.6503655147828976
2095,0.4828935340765178
2096,0.7808405185235224
2101,0.9725561792882683
2102,0.3918219604079602
2106,0.38462478573969117
2107,0.9098283723951953
2110,0.3621102507117901
2113,0.8894398044817596
2114,0.16387403802728565
2117,0.884936702068701
2118,0.17977433891727856
2119,0.416722106667486
2121,0.9852877971527173
2122,0.2441603979854045
2123,0.6908661916258296
2126,0.5915904627033476
2128,0.8624179360498843
2129,0.8884486635513753
2132,0.7680474892550195
2134,0.3351163896944322
2135,0.24539782446556407
2136,0.5607950739299948
2137,0.4922843417740995
2138,0.22938247515398186
2139,0.9761781234515672
2140,0.26365496334526434
2141,0.7751640174714789
2142,0.41752182783704767
2143,0.42311692900578685
2144,0.974945168007269
2145,0.49148138797871604
2146,0.62691885877317
2147,0.3968797166856847
2151,0.7590307150263503
2152,0.8563578538740964
2153,0.3959072067359019
2157,0.11215013879312777
2159,0.6062408044223706
2160,0.5303726064555966
2161,0.6538918164892628
2162,0.4640206231493313
2166,0.7359427821668467
2168,0.996466456057842
2170,0.3511029913400182
2171,0.3119171964424461
2174,0.6798229848795706
2181,0.25665545733160844
2183,0.49721581935410847
2185,0.693904728997527
2188,0.4069552637972459
2189,0.9801935891759281
2191,0.7831358549864846
2192,0.9202341825883676
2193,0.33308160894246597
2194,0.8869126016859181
2195,0.21402829273103796
2198,0.6595162023324845
2199,0.410718983162658
2200,0.5754534238085693
2201,0.02562247186767841
2202,0.9298900118441609
2204,0.9057611026472386
2205,0.47525615998564674
2206,0.3609094493439134
2208,0.47565531718322873
2210,0.21845800835518847
2212,0.5185461023734952
2215,0.9947959235790825
2218,0.779349406792573
2220,0.9346037052730064
2221,0.7895638168494572
2225,0.9911912326086048
2226,0.3351032075570174
2232,0.4488953167468737
2235,0.38505076401400506
2236,0.5647520788805014
2238,0.395062959369307
2240,0.9859951441180486
2242,0.48362035518165813
2243,0.9902910921549983
2244,0.5058065561057666
2245,0.3629628198553542
2248,0.6776672898993521
2249,0.4903613356904774
2251,0.28454130180687237
2254,0.8250339216392742
2255,0.33467375963301904
2256,0.19398131250768338
2259,0.24335198459684731
2260,0.9157714628135535
2262,0.2134880191056056
2264,0.9839942637744986
2265,0.9201550283214758
2266,0.16818158820307277
2267,0.4169948113046546
2268,0.6309547939215661
2269,0.8195005698584423
2270,0.3520745447504493
2271,0.35511534661157373
2276,0.4037727574999506
2278,0.8990473085056151
2279,0.7396715324727584
2281,0.6829934072265766
2282,0.3679622370859018
2285,0.4015769361561218
2287,0.9518099856509812
2289,0.8098364093502707
2291,0.8170488076707629
2292,0.7668191100229215
2295,0.7274856383417799
2297,0.34581246855012376
2299,0.9371627260014643
2301,0.9956054665559284
2302,0.8664421522587047
2304,0.9071690690595109
2306,0.5199366186279722
2307,0.9193678457208556
2309,0.6586308473296199
2311,0.6249575026693945
2312,0.9961714233990044
2318,0.22416433448249423
2319,0.2919007929266041
2320,0.9902937263510944
2321,0.973993099550925
2323,0.17293438167481925
2324,0.3114435994259217
2325,0.34827282016248745
2327,0.6562986071013389
2328,0.8009068219468405
2332,0.9451205700364234
2333,0.27957979777507563
2334,0.7711483253940076
2335,0.8541516026670098
2336,0.8514578932428593
2337,0.3611287590251751
2340,0.6129632559136
2342,0.9957167307072374
2344,0.9861788066568922
2346,0.48908171899935876
2349,0.489473273568204
2352,0.15970334085055232
2353,0.4088289968033852
2355,0.5040993761929486
2358,0.2807441117926807
2362,0.3949139107130829
2363,0.3116861896675313
2364,0.46996322427109427
2366,0.33009857218553196
2368,0.5992372475867873
2369,0.4242261542287047
2374,0.7298542865245252
2377,0.9125064334107997
2380,0.6671433771014448
2385,0.2619216143954168
2386,0.1987183410312321
2387,0.3001573401835282
2389,0.30225617452694686
2392,0.30669726514921775
2394,0.3526566875792824
2396,0.6071411485787492
2398,0.4897276922386313
2400,0.3795895914808195
2401,0.2183660675671406
2402,0.6976324799703262
2405,0.15939674999107903
2411,0.3280162536804104
2413,0.7057076019498398
2417,0.9845952331393618
2418,0.9206744046248629
2421,0.3824365827496542
2422,0.2605691181148456
2423,0.2334926152367122
2428,0.982761874806555
2429,0.6182450634382465
2432,0.33938788090496846
2433,0.3593249128075786
2434,0.383536420997831
2435,0.33462410055261016
2436,0.28302245670447446
2439,0.20356261936038192
2445,0.837532233653019
2446,0.9568225064655694
2448,0.7222731902572218
2449,0.8110779089699145
2450,0.298086153298719
2451,0.23773993512852434
2453,0.8591992455318663
2455,0.7611818990388535
2456,0.9028314349469715
2458,0.7219830991768519
2462,0.5638412998764869
2465,0.9082558166349992
2469,0.7836766308294848
2472,0.49504080959438956
2473,0.8631879890720348
2474,0.7061536048948175
2475,0.8030760697145363
2477,0.4447983799927577
2480,0.37296321723948983
2482,0.9797509393429887
2483,0.9225265236164161
2486,0.1634555774480209
2490,0.21492754706098358
2492,0.9933503682224526
2493,0.37797995617286634
2496,0.2044249246207586
2498,0.3826695637987693
2499,0.8441230389002494
2503,0.5311286828291474
2504,0.32214563101109556
2505,0.5085760536747959
2508,0.7000036406684046
2509,0.9602491439770688
2511,0.648842073982724
2512,0.39068357274434173
2519,0.9473718131687022
2521,0.7249709281756263
2522,0.2221979968516441
2524,0.223381996775943
2525,0.973553814046843
2528,0.9621731000280551
2531,0.8247667725463758
2532,0.2999645891745542
2533,0.19604828488217402
2536,0.6890554957374528
2538,0.7345101737102332
2539,0.15622819349017691
2540,0.34809602091094816
2542,0.7521414713963297
2545,0.8486278542433945
2547,0.18125107951844388
2550,0.9899813560801927
2552,0.24109941258333645
2553,0.34878874430321616
2557,0.7873451847078909
2558,0.15731212316483975
2559,0.9992252908084707
2560,0.15957895108942244
2563,0.9649064449813269
2566,0.9297884695968838
2567,0.6840091831269512
2568,0.7699699415394952
2569,0.7621625039185854
2570,0.3835543119593692
2573,0.4484928911328043
2574,0.3604252585762614
2576,0.9750061134961602
2577,0.1745992282727793
2579,0.17902248232148932
2580,0.998885556421369
2581,0.48712943414841703
2583,0.662830429235676
2586,0.948140086393724
2589,0.9837803545342962
2592,0.4766107641161137
2593,0.6519435189766175
2594,0.9791505831625218
2595,0.4922494984940934
2599,0.6399612291795088
2604,0.16820394634575675
2605,0.9455420982518046
2611,0.8420433813267235
2613,0.6994164998508712
2614,0.5130110146120752
2617,0.9899208341573287
2618,0.7594189625920621
2619,0.32798455665450543
2626,0.22117835470984426
2627,0.25271632739956346
2629,0.8574452478750568
2630,0.8752193083592548
2631,0.6666282446457839
2632,0.3925457400129902
2636,0.8583002063803408
2639,0.9585829730079929
2640,0.7424465170405723
2641,0.7530874972949964
2642,0.9662456008626644
2643,0.1628922787731457
2645,0.23209003075054743
2646,0.9370645797181861
2648,0.2496938024480244
2653,0.4900422322983081
2656,0.9808443036048751
2658,0.3311459266446667
2659,0.9928399947816883
2660,0.1898142364055975
2661,0.9813405436400277
2663,0.4852433138074866
2664,0.9398253080278999
2665,0.9835025229761329
2666,0.9908414471814164
2670,0.8113508971684449
2671,0.2896425904868198
2673,0.2561134357461485
2676,0.5825293309578998
2681,0.9427312315522636
2682,0.7277393817486317
2683,0.770187105216586
2684,0.03398359552614903
2690,0.992195856430564
2691,0.7851459522639593
2694,0.011866743261415033
2696,0.33889130984498367
2701,0.9796712676950304
2702,0.8314172250619323
2703,0.9018674992032727
2704,0.7321097800887393
2706,0.2420008634413655
2707,0.9818147791623235
2708,0.43989102192021656
2709,0.8482155749242117
2710,0.4769092193414364
2711,0.5182216710650884
2712,0.360771447085442
2713,0.21976870099057075
2717,0.4229847948537543
2719,0.42028918474808946
2720,0.8170754000951355
2721,0.38785352210494056
2722,0.3358592819201754
2725,0.6698949485844382
2726,0.8331181611831446
2728,0.5827519186125353
2730,0.8830093844549812
2732,0.7231057310957584
2734,0.7575068561473397
2735,0.7340660366795302
2736,0.694270959341418
2738,0.5933082405859257
2739,0.20045734409162466
2740,0.9736699337655136
2741,0.48629908431462937
2745,0.4902652257268338
2747,0.4769375971628367
2748,0.8054796531637367
2749,0.9981787476928476
2752,0.4465268030142959
2753,0.8406776323642697
2754,0.5686619147415217
2755,0.9887484455124482
2757,0.34548320006234634
2759,0.9281459870108005
2760,0.9132090613687207
2768,0.9331367041019972
2769,0.9884365562088033
2774,0.3837792293860326
2775,0.4805039407066505
2778,0.9201762061257776
2781,0.7696297389032536
2783,0.9974322288510324
2787,0.5786119270348246
2790,0.5130403236032991
2791,0.33624187100000813
2792,0.9598426038062975
2793,0.6144783638758969
2795,0.4798296401093623
2796,0.8904923200088373
2797,0.8038172069844987
2798,0.4917018649874114
2800,0.33118331132575773
2807,0.9834030525725473
2808,0.5186520501582957
2809,0.9153542232274471
2810,0.4909124251505963
2812,0.3748254900860356
2813,0.9964895487360427
2815,0.6896513072593987
2817,0.3898820976056472
2818,0.47896194512450246
2820,0.8778538509509484
2822,0.7545360203249174
2823,0.7642482298763179
2824,0.42269648803399845
2825,0.4315634092010059
2827,0.9406272154328765
2828,0.908318547845752
2830,0.29823080476964053
2831,0.8862608408172482
2833,0.7823256627002964
2834,0.7137225082388179
2838,0.14203874201811226
2839,0.44961488049542203
2840,0.9519206710761703
2842,0.968488911405274
2843,0.8155307708291489
2844,0.36204859217180985
2845,0.36359823923409895
2846,0.20055393154592907
2849,0.46409672378795996
2850,0.7580967228913724
2852,0.3435263255591452
2853,0.25551804486688184
2854,0.48605048354772096
2855,0.8659060405516409
2857,0.9216282453537074
2859,0.5039444250737732
2861,0.8357205274070929
2862,0.9637534168371605
2864,0.6234185259412787
2869,0.6591951390546906
2870,0.9718544730587284
2871,0.9573999811964579
2876,0.8886220340783865
2877,0.9982785560615774
2878,0.7691946316462512
2880,0.9410621052138934
2882,0.4848533412046427
2884,0.9825401871342877
2886,0.9557236160399766
2888,0.9743931418814437
2889,0.5948252264890614
2891,0.9599309295140905
2892,0.9732431314860827
2893,0.9894103906103998
2895,0.2861014192381892
2897,0.8683535343892601
2898,0.9347018920305085
2901,0.504456917463543
2902,0.7939090802273225
2904,0.815563086060873
2905,0.990714042858652
2906,0.20989471651961789
2909,0.22697561591693116
2910,0.689131576794663
2912,0.8711956098508988
2913,0.44950569538473306
2915,0.7169806685330562
2916,0.23467221044391942
2919,0.4818259947519528
2920,0.778200604324119
2921,0.44977504892158776
2923,0.4376350034775202
2925,0.22616294278306462
2926,0.37993763335294445
2927,0.9935516378583551
2929,0.8588173722383265
2932,0.5155641599057315
2933,0.9576931055246896
2937,0.7119225145617679
2938,0.989614542793568
2939,0.9606990130698891
2940,0.44860236396022635
2942,0.9839958125193213
2943,0.9111482761794383
2945,0.44482536633380654
2946,0.9869474806273516
2951,0.3300913315097008
2954,0.9463909545222093
2956,0.1794916538784178
2960,0.36022249703140363
2962,0.5361360229939988
2963,0.40268238358074754
2965,0.7410954306989772
2966,0.5034775015743309
2968,0.7755704564442464
2972,0.4577778227391809
2973,0.9530761996194607
2976,0.5436552111098846
2977,0.33001913706296643
2978,0.5488229079513391
2980,0.8914415248052859
2982,0.42670929140568603
2987,0.92069701959038
2989,0.9970590175157769
2991,0.7457374426991155
2993,0.9148811178213355
2995,0.7234061432853411
2996,0.7537642899630858
2998,0.9991216995997722
3000,0.5492067372938546
3002,0.8518115216832157
3003,0.9735714839155636
3004,0.9882091272735701
3005,0.8332283083747419
3006,0.3087869880793351
3011,0.3924822588333826
3013,0.47058509280241617
3014,0.9335061812808589
3018,0.9738674447304436
3019,0.9913609113224715
3020,0.907614222262831
3021,0.7453257162332128
3022,0.3519960508678169
3024,0.6955306963405911
3025,0.5246563206192303
3027,0.7936289711233618
3028,0.6092373607948741
3030,0.929454574907649
3037,0.8905313538151637
3038,0.7119613552529538
3040,0.32240159003945795
3041,0.9991077851901156
3042,0.3408050774575572
3043,0.26655343106770796
3046,0.9944423033088039
3047,0.8697478098463156
3050,0.8495002940699555
3052,0.7226676667999774
3053,0.1883961135171019
3054,0.7453986836697063
3055,0.3064255437335367
3056,0.6812063868824932
3058,0.12772528082950088
3059,0.2507882436190426
3060,0.9979571903141967
3061,0.8798343232150548
3062,0.9778077478109293
3063,0.9259943476324456
3064,0.9949343190427918
3065,0.20434256262454292
3066,0.3342419304851356
3068,0.4271204917378976
3069,0.26148024803134373
3071,0.7214137534886164
3074,0.9922136353087408
3077,0.5198449334527455
3078,0.8683224100151292
3080,0.8802355613955508
3081,0.6244524180096844
3085,0.2709908890539391
3087,0.9906279507107473
3093,0.8575562460831303
3094,0.7025700046512503
3100,0.454648432898256
3105,0.34152183963346666
3106,0.99243252719356
3109,0.6135695220106756
3111,0.817371142305321
3113,0.9798332805635601
3116,0.3480747392646788
3118,0.9953745962359558
3119,0.2603248901299916
3120,0.07338713169126013
3125,0.8364184330030507
3126,0.5971948184894839
3128,0.3313896975598928
3135,0.9997818672737766
3136,0.9028372741828711
3138,0.873336030015874
3140,0.7792515064581662
3143,0.3631335995045355
3145,0.8003128154731856
3147,0.628589351503058
3151,0.9944201886387629
3152,0.7320563172736446
3153,0.6420842204974824
3154,0.6694390329772788
3158,0.4002931977396346
3159,0.7272185213377208
3160,0.6132904156943579
3163,0.43867246318396724
3165,0.9928832832757964
3167,0.40945350966934685
3169,0.7440920179194109
3172,0.5638554729221787
3173,0.7545623396738497
3174,0.9180727026519915
3175,0.9396620863979611
3177,0.7870808410599387
3184,0.9784615703127769
3185,0.7879172634861348
3186,0.889030201967401
3187,0.6996030942291819
3189,0.946664157087907
3190,0.6410129888245788
3191,0.6635494231770476
3192,0.6919840175649917
3193,0.8534346460700236
3194,0.20489023221626707
3196,0.9663765591170645
3197,0.9731007334418625
3198,0.9729989369100885
3201,0.816037144686559
3203,0.16120676720346136
3205,0.6568887888817404
3207,0.497033399109573
3208,0.8830675705180382
3215,0.683573180082236
3216,0.9473420680915629
3217,0.3853648940222508
3218,0.9965364336796924
3220,0.9566515323569421
3224,0.6200521622614855
3228,0.9892422996909633
3231,0.6870958497531242
3232,0.35765666277660496
3234,0.9973254801778645
3239,0.7347817618520108
3242,0.9756326754616403
3246,0.08271667661430261
3247,0.16057910750958573
3249,0.3420462957370369
3251,0.9852684551082693
3257,0.7218396377153417
3259,0.5489642766354769
3260,0.8552682005730926
3261,0.7801346957744145
3263,0.8001985868026573
3265,0.45769304587926396
3266,0.7995643313400758
3267,0.8409805814335997
3269,0.9945496118577599
3270,0.7007900964686234
3273,0.9918030064505318
3278,0.9545700161598139
3284,0.7188688729238466
3285,0.2039147819696171
3287,0.37568350125205985
3288,0.8819211354469196
3291,0.26492644166564067
3294,0.8882253780925983
3295,0.2232073801912253
3297,0.2341242085825732
3299,0.3315124049414678
3302,0.7540731089142778
3305,0.9961724697236674
3308,0.9908185191302016
3309,0.6017613537144936
3310,0.6062219888729135
3311,0.2928772124703307
3312,0.29584813276640387
3313,0.9896022541774389
3314,0.35145262279662964
3315,0.4504335707110787
3316,0.977551102189244
3318,0.3686917927682608
3319,0.9949126840162208
3320,0.5665201465366007
3322,0.9758425820384271
3323,0.9838714395915549
3326,0.8893824051250545
3329,0.8848335012478887
3330,0.060732746917404
3331,0.8970685926148106
3333,0.8845673879685718
3335,0.9766046693374612
3336,0.9560074085911594
3339,0.21695649235787673
3341,0.9947069682346678
3343,0.9426970633887762
3344,0.7147938311308115
3345,0.22250052868438447
3347,0.9672917131524187
3348,0.3589811034915897
3352,0.9736992494505171
3353,0.46791578818512763
3355,0.4224641874389835
3356,0.844048592178424
3357,0.988796023973108
3362,0.926694214596332
3365,0.38915737736206363
3368,0.8936913377155336
3369,0.538348407982705
3373,0.3474677014720388
3374,0.6550952325571502
3376,0.9784606707686139
3378,0.8923236582259153
3379,0.9939505399276172
3380,0.5936285509840385
3381,0.7367645490744392
3382,0.9824456947452864
3383,0.984080959004197
3385,0.8589881149435139
3387,0.6611089124567501
3391,0.4384917546103796
3393,0.23892447319312943
3394,0.997734474600918
3397,0.9436449469466719
3399,0.9827332412405017
3400,0.5201434672157125
3405,0.44294347390724575
3406,0.9996234362765932
