2,0.2240671088578069
3,0.15992461417024412
4,0.21584937404455737
5,0.40723852549793615
6,0.5124686853197874
7,0.24301003522501963
10,0.19242067494604817
11,0.33103899322247987
12,0.016397227815574494
16,0.2637265757027099
17,0.27181348815400325
20,0.3606940026252324
21,0.21957437741375638
22,0.2398901318157011
25,0.23071469425497793
28,0.17757389672606808
29,0.15569510968253583
35,0.31541458172627806
36,0.3036538613032208
37,0.2365499916706549
38,0.22196602467361154
39,0.18009967731709534
40,0.21511612686982756
41,0.3590148967864333
43,0.1710465578913309
47,0.5213470434619603
48,0.24645543791157598
51,0.15279452284847117
54,0.23594137883853375
55,0.1775132434670967
56,0.17643205910971999
61,0.5177853976248121
62,0.2986719616178799
63,0.16907876383978931
65,0.20881974366303988
67,0.1805761500956535
69,0.19239367049770098
75,0.4087993384435777
76,0.16482701308805994
78,0.30642688746875707
79,0.34650245074034897
80,0.2836724684747539
82,0.17609197359677153
83,0.3125614999988398
84,0.2183664403275885
90,0.33964559318125587
91,0.4168485360458745
92,0.1770469649518482
93,0.26004555425704956
95,0.18934659495553546
96,0.18532706388235523
98,0.17346498741237437
99,0.4914746202014233
102,0.22093358515090708
104,0.3466234670895627
107,0.2316384990700338
108,0.16985887634082378
111,0.2033494190241197
113,0.228734156778201
115,0.1712087784587414
117,0.42905587527332245
118,0.4072098229602056
120,0.2193846032325422
123,0.23972673297549144
126,0.3640665826880876
127,0.265301617622649
128,0.36063829807564746
130,0.3363288086205556
131,0.5040178344278387
132,0.1805184537435049
133,0.20678988103904575
134,0.18879415613468714
137,0.28910633845704325
138,0.5620375309752582
139,0.21825299250653282
144,0.47059860948524823
146,0.20969510388497925
147,0.2787770078637185
148,0.17888648264123483
149,0.1853957740733029
154,0.2256964283170527
155,0.4515939038857014
157,0.16210484045011234
160,0.35235658597828823
161,0.2759562800414014
162,0.3119355064745599
165,0.18998093402201346
166,0.19077934091284454
168,0.18437791598126854
170,0.22204841049930044
172,0.1778312374659973
173,0.16582301321311899
181,0.1534655012512228
182,0.40827010640389055
183,0.421243777573173
187,0.3902105112315257
190,0.1829625941618059
191,0.21898969323558273
192,0.22375835121008095
194,0.32755086219012036
198,0.2356315789892634
201,0.28718156426630453
202,0.1938551051798032
203,0.2323096095831736
205,0.16086491428844396
207,0.6580524686225437
208,0.15750276557287982
210,0.30532959615661903
216,0.269861663853899
217,0.17352010534837936
218,0.32751154544047745
224,0.20766341182489892
225,0.2839973387539896
226,0.2525631561891321
229,0.5054125562778382
233,0.6031236353212927
235,0.27450101617460043
236,0.22772516639350998
237,0.28284403107000095
242,0.2333884473743716
243,0.2312519381223158
245,0.2508298947200091
246,0.17703477000695295
249,0.5155280427479516
250,0.32344723130837283
251,0.39969389480189615
254,0.17251412695733798
256,0.16426431316084728
259,0.24328192430634987
261,0.9914431279468995
263,0.18260869059383722
265,0.15716677675218163
266,0.7257116271634191
268,0.1972637527574698
269,0.4274973782227062
272,0.462112358972846
278,0.22072588468216214
281,0.17697897899378562
285,0.2673342164422132
286,0.28295526680125127
293,0.15695299861140846
294,0.29023092291625685
295,0.16306887093078162
302,0.22645793288600544
303,0.5063851388419015
306,0.24661431414300725
311,0.32673338837553983
313,0.17022829980237708
318,0.3369414716651934
320,0.29938705734289484
321,0.2748845525942705
324,0.1696223738270253
327,0.2523847960971102
328,0.17164096506117338
329,0.05353072999447677
330,0.22226777156912647
331,0.21229005117278962
334,0.2267944388640359
335,0.1640498154176836
336,0.2653168108028204
337,0.17712790746800974
338,0.9038476225814691
339,0.18970476088598837
340,0.32657092305497953
342,0.17576560734665278
346,0.1578184570009818
349,0.33646574334738205
353,0.5471456555100616
356,0.1950930152212858
357,0.18641159838591126
358,0.15916994269183188
360,0.21894055833165615
363,0.24862038973987904
364,0.1709445544009474
365,0.25421275181712116
370,0.33378949757557747
373,0.2806559035624516
374,0.17992953479267004
376,0.24074658944886615
377,0.3876188606536172
379,0.31951176597437797
380,0.17840568035212123
381,0.16616745596856722
385,0.22645216315239292
386,0.6333490807990216
389,0.16970515713185028
390,0.18086522385099904
391,0.17274529078891065
392,0.15766755362224386
393,0.3577009560807633
396,0.2540792605722505
397,0.29501444049065506
398,0.16254018989818667
399,0.43252534586448943
400,0.19648535220984215
401,0.18552663451586532
402,0.1719626999688785
404,0.2730370704634068
405,0.42607976815674087
406,0.40042962831175793
413,0.188632950297231
414,0.16209250002628592
418,0.2340853402908634
419,0.1941201683089878
420,0.16411493066363889
422,0.2359518112681514
426,0.21928000090174304
429,0.16354114319810864
430,0.1739496590635696
432,0.23511788176086218
435,0.2640551734505192
438,0.610584634115585
442,0.1648948301235116
447,0.3669637397144577
448,0.21365862601823893
449,0.3542656531234413
452,0.22320625500320684
453,0.6658991887235655
454,0.16888504712690902
455,0.4060757068295718
456,0.21470835095822222
459,0.24913571874423882
460,0.27126776520151713
467,0.29720483410488424
468,0.3042270820619414
470,0.2529749361095829
471,0.33316393126816446
474,0.3656645848074248
475,0.2220123123435655
476,0.166481369085684
477,0.2712820700740282
478,0.2065112974889136
482,0.22030716678179463
484,0.18386753218684385
485,0.16887527384731432
488,0.2281155435333138
489,0.393308062025482
492,0.98114280547361
493,0.22150949443616794
497,0.24220361868330414
500,0.46011593673139317
503,0.4303297319696133
505,0.17660764365336878
506,0.19496984521499247
511,0.2569975255276292
513,0.21381840620691525
514,0.5176625880162319
516,0.25896470149919143
517,0.4573630661366692
518,0.4641849062322755
521,0.21308882920836034
524,0.17525231516262152
525,0.36350188381346554
526,0.1803329324995956
532,0.3020059507315476
535,0.024953853927424132
537,0.4828902779096753
538,0.17784199761911715
540,0.23556976644138702
541,0.205557039243506
542,0.18525420677458743
546,0.21090331738071613
547,0.40888074433591304
551,0.2043041438267885
557,0.29756089877193503
559,0.32674739995433594
560,0.6574101084086629
563,0.8367113084009353
564,0.17840756357430576
567,0.18241697462476605
570,0.19424138245092323
571,0.31910755503418153
572,0.155721548675825
575,0.23300051753423365
577,0.17237597958377865
578,0.2823484188865105
580,0.5436095843576747
581,0.21863112039354446
585,0.4191603553457806
586,0.35619100294030087
587,0.9064545281566029
588,0.41907268666562153
589,0.72265610939293
593,0.25003193735497675
596,0.17335190857276897
601,0.34909278905737173
604,0.46793239564775785
607,0.23857545493774612
609,0.2976979934349417
610,0.32427151410821325
615,0.3735643322197398
616,0.42009221661267904
617,0.3169362911455991
623,0.27931116665304345
624,0.34873485243735725
625,0.3309869638843186
626,0.2502987744928761
628,0.2649882289379123
629,0.4973042355184013
634,0.27546885027808043
635,0.4111794231774816
636,0.24050111391203818
639,0.2398693963791454
640,0.36247546372619394
641,0.6017241501292232
642,0.2279270564384193
646,0.2885433043444078
647,0.5042702334470811
649,0.18979311048209385
653,0.4910139477654328
654,0.40993931273272305
657,0.3096881553956759
659,0.37729685716279227
660,0.44286724100998315
662,0.26378510791834675
664,0.2341192386818606
667,0.2660534379643572
668,0.28193797644732244
672,0.21934689888763118
674,0.27516878720297855
675,0.46308920830591166
676,0.3405213582551273
682,0.1702273074774392
684,0.354906571193883
685,0.3546281253549043
687,0.19649370623425405
689,0.4625223000291882
690,0.3247027109181986
693,0.4872016982250837
697,0.3978261717379009
698,0.23790320738499743
699,0.3591119343533773
700,0.18678198705011903
702,0.20094944825177188
703,0.22936892242972032
704,0.4818716872881054
705,0.34911258450709637
707,0.3365193599185123
709,0.27257976298201864
710,0.20119241327909873
711,0.18515594307949068
712,0.2062360824446135
714,0.3217547678716974
716,0.6085049826602477
717,0.19810201352463236
718,0.4600519172952033
723,0.25811436041263663
724,0.22350480535119172
725,0.160355703658156
726,0.336956573355539
727,0.5141270959230994
729,0.17687543402497122
731,0.19801122620829223
733,0.1786231038992103
736,0.32657782562772886
738,0.23453945588057903
739,0.3816827708544755
740,0.4571696143348507
741,0.4334848068038141
746,0.374237594382524
748,0.41965979704837264
751,0.7109498858050608
753,0.1571834635451525
754,0.3894295284341773
758,0.27488709414432816
759,0.17400704361456343
761,0.2045405099499674
763,0.20497495689914894
764,0.8691613816472263
767,0.15875585518970434
769,0.24765791546540103
770,0.17933034127112205
771,0.37596466143602725
772,0.26751557225241357
774,0.3903063674271604
775,0.19487472137994857
776,0.1826993178345149
778,0.9448362128903571
780,0.4759200241640531
781,0.259751096963035
785,0.43289166984535243
792,0.19310322746169326
793,0.46246335721850135
794,0.4624398994937621
796,0.19194990403244355
797,0.48795798377692995
798,0.524614216269808
800,0.323348668311001
805,0.15627939096256346
807,0.2549708410113742
814,0.36951132832438927
815,0.5588339384211665
816,0.8156221660141327
817,0.39972015284807993
821,0.2414002937036207
823,0.32211462865425605
824,0.3337240329318842
825,0.1805877331439546
826,0.18004096748356926
827,0.2720745637668495
828,0.23950980280220172
829,0.3732827611166195
831,0.21500243541789021
833,0.18610418508040297
834,0.3860745018902562
836,0.8796810419554835
838,0.4097933823732376
847,0.39229997706769754
849,0.4091662641857616
850,0.501000199208829
851,0.3342964209936772
852,0.1808630440657394
853,0.2298044001496777
854,0.4314373779422195
855,0.5580828328763511
856,0.9499193894783179
861,0.43105274468018623
864,0.1899993772644694
866,0.19320273082969516
869,0.36188278554448755
871,0.7068769191807519
873,0.23623411181129642
876,0.17992585433314695
877,0.7128016309662694
878,0.3650452674465782
879,0.4766478568621091
881,0.39822004446177905
883,0.677673837665515
884,0.2575501757691506
885,0.3535075596979083
886,0.9247476755034437
887,0.25910232354386314
893,0.504089741671727
895,0.648553656935655
896,0.4526891454243711
897,0.5242738916730455
900,0.39559051223273994
902,0.22212220400769206
905,0.2165236353498881
907,0.17746720062128293
910,0.3738786220066833
914,0.46963628825889464
915,0.24174125307322833
916,0.7053911643757667
918,0.2820185264861444
919,0.8872986927805994
920,0.18065817426402186
921,0.36179639950207215
923,0.22560090562600665
925,0.853226990211146
926,0.9727662967813049
929,0.3451677922437374
934,0.24667585573530224
935,0.37386399853476454
936,0.23620307416875078
937,0.7522643173977824
939,0.4605869503828744
944,0.28459628973830425
947,0.3345961592005544
948,0.8137963900586245
949,0.5125977990817768
951,0.9330476739193404
952,0.2697078980805005
954,0.2980082625365712
955,0.2576010646316306
956,0.424344850627752
957,0.2072700510883696
958,0.23329426592112
960,0.4203088047198031
961,0.47687236214638795
964,0.20987211275701345
967,0.23897287178320278
968,0.3816908921196621
972,0.3602127423218865
973,0.41088227762263063
974,0.037033105876436406
975,0.1576095685684481
976,0.2395560891709778
978,0.7027632853411363
981,0.37255837693531213
984,0.4064437087391673
985,0.8646734383682758
988,0.4012082546791296
989,0.4844113152760787
990,0.17200187374875933
992,0.20479249721190837
993,0.4226306309528448
994,0.218303689484423
996,0.37775665372720496
997,0.22201168207180352
1003,0.4052410801263105
1008,0.33055308115163284
1009,0.5036393065001509
1013,0.18340822387002342
1014,0.31763915902393514
1016,0.16493410454853333
1017,0.16975569233976398
1020,0.22153089509046286
1021,0.9645579940413425
1022,0.2492652178324057
1027,0.23280460001119915
1029,0.31637694068922717
1031,0.4100966297181964
1032,0.46639906019799876
1036,0.16998415487970042
1039,0.3260573241267459
1040,0.823329988053798
1041,0.16635010309674605
1044,0.7133168540975056
1046,0.22609728876886606
1047,0.5135776013110248
1050,0.39569599887369317
1052,0.3298279945926282
1055,0.6579721791728272
1057,0.5152399796631466
1060,0.23498250190421638
1061,0.7345068571168077
1063,0.1812977268773546
1064,0.26728963282466317
1066,0.39258809746542295
1067,0.2598828700837145
1070,0.8670544340604813
1071,0.3372919166137745
1077,0.9265442756158997
1078,0.22919030227178766
1080,0.34128500499682063
1082,0.2710409640233521
1083,0.5132717830269783
1084,0.6987555899011134
1086,0.30862381452640886
1087,0.22432325922437638
1093,0.26989834839391674
1096,0.2837946231342562
1099,0.45143066582023256
1102,0.27611482700910767
1108,0.7517923655871501
1112,0.417717486500595
1113,0.5836184868379987
1116,0.9501512166759054
1119,0.5010408558230844
1120,0.18864642570451154
1121,0.574314651366256
1122,0.37597766165686425
1123,0.26270228573652665
1127,0.23628798538971263
1130,0.7954407776805862
1131,0.2703929897420363
1132,0.25793994493465644
1137,0.39905667348522955
1138,0.7727304287539306
1140,0.1629164594491517
1141,0.46290140845932964
1142,0.4658048573968531
1144,0.4696322137326211
1145,0.8086349589380247
1146,0.8287435366002329
1148,0.8047441991324638
1149,0.3563674712486529
1151,0.3266579999422945
1153,0.5533629947421569
1154,0.8541905183999058
1155,0.8733362662444377
1156,0.30318726809533764
1157,0.493648904069797
1159,0.3578660876971778
1161,0.25865345238622833
1163,0.7140390091363872
1164,0.3020867767411325
1166,0.8813334385721106
1167,0.8700126957617229
1168,0.49218217965337147
1169,0.8152127624354397
1170,0.3416677276200254
1171,0.7566855710724403
1173,0.2318099262877369
1177,0.3537782256163277
1181,0.1577949343636495
1183,0.26376947144882407
1184,0.2904445624701415
1185,0.23694814339318643
1186,0.3637110809402496
1187,0.783530899353345
1192,0.1661763441756206
1194,0.32979872672828664
1195,0.29975345050681795
1198,0.2924290197817249
1200,0.6326064441239275
1202,0.6822623011901994
1203,0.8911299554985622
1204,0.027964120441399235
1206,0.4368918900525942
1210,0.30187012187282625
1213,0.45540168607921777
1215,0.6024358297850223
1216,0.6725389369321852
1218,0.2747569730025338
1219,0.43857895688605036
1220,0.23708704446381157
1224,0.4387177928839768
1225,0.7974579105168427
1228,0.9707520764952655
1239,0.3071812577295128
1241,0.2078572877332911
1244,0.573505392379445
1246,0.31040958256814866
1247,0.3433962862188226
1248,0.3656417872480501
1249,0.41012072848655007
1250,0.4294806112013995
1251,0.7203661951648871
1253,0.37574748846243244
1255,0.317894744882863
1257,0.2843056388199014
1258,0.31011025117662083
1263,0.4801435411421468
1266,0.5068249750035635
1267,0.46345870716541515
1268,0.3954939162977918
1275,0.5001095577402019
1276,0.48639381624235917
1277,0.6386364267859798
1278,0.7794686091453863
1280,0.4138842684523584
1281,0.4775160799890779
1282,0.6580331479077417
1283,0.4096627400551369
1285,0.8447277281353213
1286,0.21884206550837482
1288,0.27013482615951334
1291,0.47382816949757584
1292,0.9328090537757955
1294,0.464057978285854
1295,0.340576044861555
1297,0.9823688280925206
1298,0.5241466982824694
1301,0.3075427713397315
1302,0.26852318161028793
1304,0.3815531533504428
1305,0.30381940872763374
1306,0.16057141084499382
1307,0.4425614928849739
1309,0.549505773767924
1312,0.5308729317393408
1313,0.9920867336875299
1315,0.34674073974685715
1319,0.41304787112677877
1320,0.6176289540423486
1325,0.35765868666251055
1326,0.35775547525367835
1328,0.32838605709194635
1330,0.3173547801139746
1332,0.2725755734517201
1333,0.3016987181328411
1334,0.2841207292132591
1336,0.5177213033463246
1340,0.15595898154036264
1342,0.6208819912788689
1343,0.8157006136432491
1347,0.19242442369480953
1348,0.9875900994436541
1349,0.35169203887210826
1350,0.9705722990330774
1354,0.493003277618384
1355,0.24407718686661853
1356,0.16340811725315835
1359,0.8901572484540499
1364,0.3112894615469215
1366,0.6005041380932443
1368,0.9768304258706653
1369,0.40611698436905014
1370,0.1966346742411909
1372,0.11194795564017902
1373,0.2594562095491482
1380,0.3405742992349446
1381,0.15781161538193647
1383,0.29531966878083993
1384,0.21974557853214657
1385,0.3307934263504976
1387,0.7587301301478068
1388,0.19201147425570717
1389,0.27648781039149894
1390,0.5362557972749986
1391,0.38979669044787707
1395,0.9546623126862299
1397,0.2019689246597953
1401,0.45635382535217794
1402,0.8484581273819882
1404,0.2175911536147323
1406,0.17570838987192072
1409,0.2738030911161343
1410,0.16450109863597814
1411,0.4758186978709401
1416,0.7075033388670298
1417,0.6063247576914715
1418,0.8166167665457437
1419,0.6760869354086628
1429,0.20926117485777396
1431,0.3348933679968283
1434,0.8853982174608351
1435,0.868953246286859
1436,0.17521787989180904
1439,0.9833748880797474
1440,0.39494206180321895
1441,0.5605053353248218
1444,0.820263800144157
1446,0.3303331821673281
1450,0.29704197421120127
1453,0.8538726634614134
1454,0.9292435555102785
1459,0.15483032202221134
1461,0.1984055196213198
1464,0.5058390788159607
1465,0.4280491131719276
1467,0.26076508960464706
1470,0.327132389275464
1471,0.48296111078495185
1472,0.40621232992720974
1474,0.8662909238679073
1477,0.9655381366229813
1479,0.4857406336740594
1480,0.5290551355075197
1482,0.1752577625496207
1483,0.7987213872530817
1485,0.19548973993393914
1486,0.7640336707408663
1487,0.7517741441275166
1490,0.6014791477094489
1493,0.14293850846759418
1494,0.29844307320958263
1496,0.5657055348008112
1497,0.9240344576809708
1501,0.6529640631458181
1505,0.4651717669916674
1506,0.8598838177629269
1509,0.1622169185194631
1513,0.39648765357393906
1514,0.33328807977789693
1516,0.4423813418696153
1517,0.16121821027197422
1520,0.42526152561547115
1521,0.22499516024988203
1522,0.921929981898051
1523,0.8279399513959427
1524,0.4989118376876096
1525,0.16031068973249082
1527,0.17333824586787513
1528,0.9484338965134332
1529,0.9586333882300605
1530,0.7524619001854631
1531,0.6132077691253337
1532,0.6274326829840939
1535,0.40210048398725284
1541,0.42613581511249016
1542,0.41572278077998537
1543,0.3403005652230513
1545,0.4954200686466995
1548,0.48075073975850247
1549,0.48179387918380284
1550,0.22956447574084823
1551,0.7268855181190877
1556,0.4157161406060119
1561,0.5740692016001664
1562,0.42811295028609375
1563,0.49460334568052833
1565,0.35099021020654964
1569,0.6970605590445396
1571,0.16133184265198214
1572,0.383637269058179
1574,0.37679380145248026
1575,0.26422587245811463
1580,0.9681295556992191
1582,0.9501751489312814
1586,0.989279961327357
1590,0.2043140008821418
1592,0.572057613214807
1595,0.20904637409586474
1596,0.8779793270348726
1597,0.1884058488964443
1598,0.3645361291102457
1599,0.9451399950491688
1600,0.3332480946126648
1604,0.30471018237825287
1605,0.6485121096882365
1606,0.5239468539269374
1608,0.9254759335665378
1618,0.9561392469714154
1620,0.7341771066640901
1623,0.21283390149039422
1626,0.42120907099910443
1628,0.41134356729405225
1629,0.684470613385769
1630,0.4490358906955085
1631,0.25466130743017895
1632,0.9895545242134113
1634,0.9352573749347675
1635,0.4541639961311831
1636,0.580908998303974
1637,0.267248511987171
1639,0.5700259166031977
1640,0.40869001541348865
1641,0.12495656126913504
1644,0.8787670199880591
1646,0.5929860389883568
1647,0.19338481846229208
1649,0.3405791479185626
1650,0.1997710408435607
1655,0.16717294789349038
1659,0.9645308934740888
1662,0.028089889559377305
1664,0.36098381342526076
1665,0.21381363824061006
1669,0.3947919410622724
1670,0.5592696808037391
1673,0.683396952541287
1674,0.2653056291706767
1677,0.3372679066150477
1679,0.31248015645058747
1680,0.9213247092970268
1681,0.37871805982424955
1683,0.19647339353448814
1684,0.23484816901919253
1686,0.3839058530175613
1687,0.4237392473981792
1688,0.35244191386443874
1689,0.9623198390360593
1691,0.37108133621081335
1693,0.1633630353180927
1694,0.9766004471064496
1696,0.9512142623897979
1697,0.4456816323245114
1699,0.8835214609283385
1700,0.23367425665995184
1701,0.3874334641341548
1702,0.3116502555910585
1705,0.4594557469464591
1706,0.4013737473475758
1708,0.35945469638304567
1709,0.1807949417314557
1711,0.20635214625076073
1712,0.47054257783023967
1713,0.4868571583249076
1716,0.4298798006076026
1717,0.22138166347218358
1720,0.8112845135045869
1723,0.46682262953748016
1725,0.9143797690650145
1731,0.427383721487814
1734,0.3781671073224364
1735,0.33531086573564817
1741,0.25497529999894686
1742,0.9436835347881183
1751,0.6268254260928958
1752,0.48943125000221205
1753,0.27659533417184684
1754,0.445406857132475
1756,0.47888578611825766
1758,0.8242061269511333
1759,0.3959638976406482
1760,0.501826392976371
1762,0.20004731797789607
1763,0.9589338168261132
1764,0.22239052714474117
1769,0.2572485078994559
1771,0.339668439593643
1772,0.4204039784952999
1773,0.2414080655234187
1774,0.3847973601308095
1775,0.16738796370342668
1777,0.47377831886319693
1782,0.9945340316160092
1783,0.8190023234865841
1786,0.9263702569662873
1788,0.7806832850845377
1791,0.6317930573295931
1793,0.41833986835904996
1795,0.35191708450531056
1797,0.9811038095330814
1798,0.9646589791965327
1800,0.8960045758599484
1803,0.3545058329563457
1804,0.6634313363913101
1805,0.20383481602880463
1807,0.7005872237290831
1811,0.3147551101061596
1817,0.8861104003386806
1818,0.8718222634474805
1820,0.3991243668856347
1822,0.5197003109928656
1824,0.4437129659580284
1825,0.91061445386315
1828,0.7517210480815901
1829,0.20531298620695385
1833,0.24911445265184073
1835,0.27764562352068284
1837,0.337995682585825
1839,0.17761766905803955
1842,0.21809827339088717
1844,0.28340592166240347
1846,0.18610284260680865
1849,0.44935235236803045
1852,0.42586117385747674
1853,0.007445146764688963
1854,0.9069545875466855
1855,0.40891067907138207
1856,0.3265742666863429
1857,0.43782101898835823
1858,0.4326584414244222
1859,0.16054672809035267
1860,0.7413309850756229
1864,0.35091459614171505
1865,0.4998029583119056
1866,0.7532895039618488
1869,0.5156392573930855
1871,0.1578382050723973
1876,0.4180897455883088
1880,0.9262606941815916
1882,0.3398966825345899
1885,0.19100164598716943
1888,0.5213187617947809
1889,0.2632436524814875
1890,0.4096868184490571
1891,0.8369127369566467
1893,0.3856544437176987
1894,0.4344737665910941
1895,0.16013946803798693
1896,0.3320575424876895
1898,0.18592169481108628
1900,0.6900156596441136
1901,0.4452148724121918
1902,0.6182618527635819
1904,0.8097775456722835
1907,0.5008748262902559
1909,0.6855562218976416
1912,0.285078366474126
1913,0.42564622443332634
1914,0.8697989007642725
1915,0.8527649066984818
1918,0.6446455889468022
1919,0.22274647277324375
1920,0.31835454370020616
1921,0.5355555476935364
1924,0.24643013812233738
1926,0.9628650993242123
1929,0.20150086599600858
1931,0.6412499582936922
1932,0.5808969048543678
1933,0.3478778811907324
1935,0.36721785157530384
1936,0.7381162003635857
1937,0.8793427421161724
1940,0.15885697748113473
1941,0.20173413257382025
1943,0.545367549043731
1944,0.18444813618860315
1945,0.9942384355352398
1947,0.4371310303170947
1951,0.5398867678218368
1953,0.566602642398503
1956,0.9807656519406501
1959,0.16980448264052458
1960,0.3425737833565769
1969,0.4684722777084612
1970,0.3559232613844078
1971,0.8798573319064351
1975,0.06080322703661369
1976,0.37251119831375196
1977,0.5976414604271459
1980,0.1975975018843842
1981,0.6769420424375655
1982,0.35185420779641147
1983,0.9860025641196674
1985,0.6923998250379079
1986,0.8674106198943157
1987,0.839799096324081
1990,0.3885162897260509
1991,0.4974013214931277
1993,0.9678514843304282
1995,0.9781163685271883
1997,0.977278951034917
1998,0.5138089162262497
1999,0.8616040191494299
2001,0.7638436414533121
2002,0.3628599520614555
2003,0.18454867589427187
2007,0.4389136697680667
2008,0.6796991486232071
2010,0.7106178010206778
2014,0.1590336269304539
2017,0.598436304303354
2018,0.9218116254036484
2021,0.36003625535859773
2022,0.3359792837188396
2027,0.6015851807608572
2028,0.2233256770408993
2033,0.24585429859253044
2034,0.43040610309525934
2036,0.5050923990605255
2037,0.7378382616404418
2039,0.44523225456044674
2040,0.29730499891389806
2041,0.22609114201774727
2042,0.1731525084704554
2043,0.1870951564005
2047,0.9212549581630926
2048,0.41725449231975315
2049,0.21492784307416546
2050,0.38560208073830243
2052,0.929936353066282
2053,0.8066596394280195
2055,0.9534474836478205
2056,0.6953310321780397
2057,0.520282554567302
2059,0.30482680199056533
2061,0.1931010405066196
2062,0.35485245234370155
2063,0.3376724781556389
2066,0.8577004222806366
2069,0.3307750172634337
2071,0.9812244531199442
2073,0.04777286684105989
2075,0.9839734065115685
2076,0.32974534857151333
2077,0.4527956561732753
2080,0.3301872330456435
2082,0.8655539564870703
2083,0.9588283489895689
2086,0.6740804835682331
2089,0.7422078092954151
2090,0.3528086135038656
2091,0.7516701457768115
2094,0.6581937684968427
2095,0.5020322506212049
2096,0.7891864487962782
2101,0.9717532522926003
2102,0.3864337130840732
2106,0.38746425140720125
2107,0.90900704575396
2110,0.36380555611180593
2113,0.886902876751512
2114,0.1646592915601685
2117,0.8800402638523912
2118,0.17740990838416693
2119,0.4290551217532911
2121,0.9832862175644529
2122,0.2390344706128331
2123,0.6782857880953189
2126,0.6007068807023879
2128,0.8699811103451444
2129,0.8991407246228167
2132,0.7641796002331432
2134,0.3352778252184484
2135,0.2508201744837422
2136,0.5654223242558906
2137,0.5030527991759711
2138,0.22878541389217208
2139,0.9773513770531785
2140,0.2684472264276045
2141,0.7654240175250968
2142,0.4118633615466268
2143,0.4206861438402599
2144,0.974659760983019
2145,0.33074211112288293
2146,0.6146211056079967
2147,0.3923050605115546
2151,0.7588665874980018
2152,0.8579057596439525
2153,0.3897439820534406
2157,0.10958036793748827
2159,0.6196691121460363
2160,0.5306842796822332
2161,0.6604853603711175
2162,0.47216473127535313
2166,0.7526717302686128
2168,0.9963870579457467
2170,0.3431789075383963
2171,0.31356305759698727
2174,0.6881751401853229
2181,0.25386942918476724
2183,0.35705391764350675
2185,0.6990789430135456
2188,0.39826054655345
2189,0.9797990419806881
2191,0.7899500569091045
2192,0.917818040183891
2193,0.3388764733773008
2194,0.9046232872210952
2195,0.21246646170048125
2198,0.6407378134822205
2199,0.40797860949301845
2200,0.5972769486337558
2201,0.025996525898084166
2202,0.9285854072229733
2204,0.9104764152198158
2205,0.4801964380118257
2206,0.3801684957810379
2208,0.47412838539423724
2210,0.22021684234745928
2212,0.5368163634330685
2215,0.9948672558764781
2218,0.7768437403294165
2220,0.9334448963933248
2221,0.8023569368386424
2225,0.992049000110698
2226,0.33086216868043
2232,0.46793873897741084
2235,0.39329593224843945
2236,0.5627045493591812
2238,0.4095189044482213
2240,0.9854242101339276
2242,0.46722219897450196
2243,0.9914626978493908
2244,0.5064662587954271
2245,0.35843105066919545
2248,0.6784535775816674
2249,0.49353605148267166
2251,0.2794225187751674
2254,0.8270050909620891
2255,0.3282428693450753
2256,0.19616172768087192
2259,0.2510266566346597
2260,0.9227706531085543
2262,0.21049466762180097
2264,0.9838420646852543
2265,0.92697379450527
2266,0.16937513752019887
2267,0.4186240587011002
2268,0.6297566202486939
2269,0.8223272083568522
2270,0.3665130733709407
2271,0.5051097528148707
2276,0.4088832494197464
2278,0.9049135257861114
2279,0.7185373092087152
2281,0.6644060749718681
2282,0.35425040490970927
2285,0.4035010768004565
2287,0.9487129221140985
2289,0.8151598301726399
2291,0.8160609840408138
2292,0.7625595668644514
2295,0.723215507066507
2297,0.504890602631312
2299,0.9312036957970189
2301,0.9953713200240026
2302,0.8624493353315872
2304,0.9109641358009515
2306,0.33027266219557844
2307,0.9129284433825923
2309,0.652426312806738
2311,0.6180680618897035
2312,0.9964006287112547
2318,0.22261568886323505
2319,0.2751355756257418
2320,0.9900905995371178
2321,0.9753237267235402
2323,0.1739975040757683
2324,0.3048404031145867
2325,0.5008237633894277
2327,0.6552593095790287
2328,0.796065878704629
2332,0.945457120151523
2333,0.28108732345518395
2334,0.7784847731471259
2335,0.8571045531446155
2336,0.8481753108608848
2337,0.37009579574463625
2340,0.6205195230088107
2342,0.9959743298189178
2344,0.9866916411262214
2346,0.48736436172637987
2349,0.434438341230991
2352,0.15932891256568546
2353,0.394616405933326
2355,0.4958346090301608
2358,0.2826669782977384
2362,0.4039256054857831
2363,0.3102769635889231
2364,0.48073742015501814
2366,0.33514567013415447
2368,0.604410435552296
2369,0.4317724078407207
2374,0.7287542685629397
2377,0.9164470139738593
2380,0.6734402995207541
2385,0.252497915326107
2386,0.19655044441634742
2387,0.30431836482807245
2389,0.30243088102289173
2392,0.3010806697197339
2394,0.5036712165228713
2396,0.6281301174789559
2398,0.49584335893108
2400,0.49668884504092964
2401,0.219060605359744
2402,0.7059475888500338
2405,0.15975039199336885
2411,0.3353010666823639
2413,0.7141436050490011
2417,0.9839825524527162
2418,0.9199363887320035
2421,0.39022196208743054
2422,0.26563072709491825
2423,0.2385418113644054
2428,0.9821744702616299
2429,0.6230668748931707
2432,0.4064241271229466
2433,0.3537080690926233
2434,0.3785833147155716
2435,0.34567988226410595
2436,0.28062661486815876
2439,0.2036137067858459
2445,0.8385404247805661
2446,0.9551181340378484
2448,0.7177438108196191
2449,0.8056469851315764
2450,0.29969201176785604
2451,0.23965204831558184
2453,0.8594787311517673
2455,0.7682036505224965
2456,0.9051689390644794
2458,0.7196373557327749
2462,0.5717201839726349
2465,0.9098288731503201
2469,0.7832126676908701
2472,0.4807031116778998
2473,0.8527024644088586
2474,0.707304028230286
2475,0.804425804782921
2477,0.4527200880400711
2480,0.3719776564941488
2482,0.9815481254482434
2483,0.9230496387920519
2486,0.16469901244871932
2490,0.21345209206669286
2492,0.9933990959040414
2493,0.37220320398652584
2496,0.20483468940868785
2498,0.36868723590254115
2499,0.8460183185214295
2503,0.5387015068780077
2504,0.33850161321819383
2505,0.49947320064803113
2508,0.7003114987775615
2509,0.9619704580448556
2511,0.6555307012287591
2512,0.40810487096933074
2519,0.9520091135004809
2521,0.720220111945296
2522,0.21701252903769988
2524,0.2198195405292251
2525,0.973037199722797
2528,0.9626188422331591
2531,0.8212350427653672
2532,0.2906004287693145
2533,0.1949045501774025
2536,0.7088721645935758
2538,0.7334309837173519
2539,0.15627095045665124
2540,0.3489133330820661
2542,0.7431693295033581
2545,0.8634393955165881
2547,0.18380109755301946
2550,0.9905197440215577
2552,0.2486139797917
2553,0.344604011418934
2557,0.7882795366208338
2558,0.1573206026430514
2559,0.9993180398980371
2560,0.15944112003229063
2563,0.9623773624236401
2566,0.9313297549098081
2567,0.6849658929556769
2568,0.7771877839266945
2569,0.7690242283247172
2570,0.38352096851494843
2573,0.4562142148220674
2574,0.35831605428006214
2576,0.9742265811467496
2577,0.17323197659290382
2579,0.17874218214377433
2580,0.9988536961216766
2581,0.48739071930943634
2583,0.667461245623131
2586,0.9492360932597503
2589,0.9836263044022967
2592,0.46414797192166185
2593,0.6647505232518774
2594,0.9776172071552477
2595,0.5008319242588626
2599,0.6392807085066893
2604,0.1676549049353512
2605,0.9498151703832907
2611,0.8413469025142641
2613,0.6987263336595875
2614,0.46267783483985203
2617,0.9909643144315068
2618,0.7547024311770042
2619,0.3814269542769351
2626,0.22235766902869242
2627,0.2538525621609834
2629,0.8600244228872189
2630,0.8730852379559869
2631,0.6679977599868677
2632,0.5198616494773568
2636,0.8636821348839812
2639,0.9594214881347326
2640,0.7425927662908348
2641,0.7511777722743247
2642,0.9680794813847562
2643,0.16382141141936463
2645,0.2374630091459877
2646,0.9364631571113167
2648,0.2413536177114083
2653,0.4922202835338966
2656,0.9801872312112212
2658,0.3435362859650875
2659,0.9923818231515747
2660,0.1903353829824916
2661,0.9816798425418345
2663,0.5059287073459608
2664,0.9367776434372368
2665,0.9844667061147034
2666,0.9907935748659444
2670,0.8189977393063439
2671,0.2840006429965766
2673,0.2536377410650563
2676,0.5932053122037576
2681,0.9436583378884991
2682,0.726818683631315
2683,0.7715377384523554
2684,0.03934498988049864
2690,0.9930777169228147
2691,0.785117113102263
2694,0.012637568992169987
2696,0.33150970724199486
2701,0.9810784858126231
2702,0.8226445295995688
2703,0.9049285372586126
2704,0.7310593795103718
2706,0.2516204680145438
2707,0.9799394367309043
2708,0.4083239333974032
2709,0.8531487148578495
2710,0.4879169238222926
2711,0.34301130868930096
2712,0.3617121096315
2713,0.22570803333940642
2717,0.42277331552459096
2719,0.4238743105035308
2720,0.8133850532183038
2721,0.38740207633712614
2722,0.3418669757563312
2725,0.6720228457201953
2726,0.8251579386603927
2728,0.5659713054540659
2730,0.8895905080466824
2732,0.7232076059169202
2734,0.7490176586337804
2735,0.7345566157297687
2736,0.6720391218377362
2738,0.5768043172489805
2739,0.20060712631900846
2740,0.9749274128842043
2741,0.4881069739204891
2745,0.49995792460693605
2747,0.4805092797967652
2748,0.8096488069473614
2749,0.998278809986012
2752,0.43848196971394704
2753,0.8420927901182408
2754,0.5714016826745787
2755,0.9885040033914615
2757,0.505642492944777
2759,0.930539115432548
2760,0.9158213228958205
2768,0.9320208012187281
2769,0.9879830104521549
2774,0.392300997128734
2775,0.347155297408146
2778,0.9196954922793712
2781,0.7730078372019954
2783,0.997419849024605
2787,0.5621758806022735
2790,0.5009160305245732
2791,0.3410783738128731
2792,0.9598723298230227
2793,0.6211782266108047
2795,0.4833859925971285
2796,0.8906116832834685
2797,0.7980812743563881
2798,0.47428331633322834
2800,0.3428884012396156
2807,0.9840639743020129
2808,0.5381769265633922
2809,0.9138565709347262
2810,0.492687550575378
2812,0.37750681330936925
2813,0.9964123032913158
2815,0.7085835607986745
2817,0.3772365977641413
2818,0.49363163875217914
2820,0.8835172126807548
2822,0.7361982886974208
2823,0.7665882763893189
2824,0.40357478607531255
2825,0.4314327221029592
2827,0.9394673879855617
2828,0.9098053413484969
2830,0.2960936432504307
2831,0.8842895842126298
2833,0.7923287712949995
2834,0.7208883250975766
2838,0.1354748265711729
2839,0.4501932410041409
2840,0.9545893052821904
2842,0.9694943983801467
2843,0.8007809899885714
2844,0.3583724234534864
2845,0.37643117887790084
2846,0.19766791848871457
2849,0.4394396810237028
2850,0.7529313590817199
2852,0.34287318850955617
2853,0.27020223749445105
2854,0.4965762338356212
2855,0.8642485314743343
2857,0.9216823829457473
2859,0.49706451900253207
2861,0.8501571142075278
2862,0.9635523162923071
2864,0.6234211007579732
2869,0.6497801420117725
2870,0.971847819082051
2871,0.9588575593844042
2876,0.8848991236300338
2877,0.9982249546266514
2878,0.7645698032708186
2880,0.941551944309891
2882,0.47897582953551215
2884,0.9822979336336579
2886,0.9545691554512363
2888,0.9734097749040973
2889,0.6038735174161415
2891,0.9586893349637553
2892,0.9748985567138118
2893,0.9896482519721392
2895,0.28081529488090423
2897,0.8762607864001583
2898,0.9365701113035424
2901,0.506610814538453
2902,0.7858411410595756
2904,0.8253830364072492
2905,0.9909892280927908
2906,0.21158409353748184
2909,0.22503561355066723
2910,0.658643449688174
2912,0.8724548594386716
2913,0.4371674370525152
2915,0.7173189264473954
2916,0.2405653576998451
2919,0.4741631273635592
2920,0.7790986928818922
2921,0.45776624434519697
2923,0.4374098995972533
2925,0.22972756541184414
2926,0.37376871455460725
2927,0.9934240523547231
2929,0.8643251131008283
2932,0.5230706809176684
2933,0.9602182982588088
2937,0.7355450073123897
2938,0.9903004582490393
2939,0.9618288696850493
2940,0.32830756088627705
2942,0.98309299058376
2943,0.9111598143853762
2945,0.446247769586831
2946,0.987094825292287
2951,0.5000505191286765
2954,0.9462804149937502
2956,0.17858143093312082
2960,0.36538970687503997
2962,0.5503128113166529
2963,0.3996757985572245
2965,0.7518991990973598
2966,0.5037260982699011
2968,0.7762544219276521
2972,0.4655495013893923
2973,0.9576992501782774
2976,0.5354253080254696
2977,0.47795806343070846
2978,0.5514305050982342
2980,0.8910720548425808
2982,0.4371810946014005
2987,0.9093022048465643
2989,0.9970597631263544
2991,0.7433810721041489
2993,0.9185356499595235
2995,0.7449710797900385
2996,0.7531612421829532
2998,0.9991548400845092
3000,0.5520797797127281
3002,0.8572277501220775
3003,0.9735585305240736
3004,0.9876983760671485
3005,0.8356135285830008
3006,0.3167044845260465
3011,0.5149061479022675
3013,0.4766351035730883
3014,0.9368696051804289
3018,0.9728829577317651
3019,0.9914409127516758
3020,0.9109458968023781
3021,0.7437585870721022
3022,0.47717604178524914
3024,0.694443122732335
3025,0.5483697778749932
3027,0.7939429001875942
3028,0.6437795609958642
3030,0.933591058574581
3037,0.8902547017707727
3038,0.7113997694716302
3040,0.3202472705170374
3041,0.9991685330082362
3042,0.33770566700273125
3043,0.2657935550922597
3046,0.9946431378038165
3047,0.8719091264489489
3050,0.8383806970023354
3052,0.7222321944124954
3053,0.1869797684285581
3054,0.7357784262821263
3055,0.29656806021577653
3056,0.6638004905014675
3058,0.11811741073539446
3059,0.25824270530436716
3060,0.9977821293328711
3061,0.882703344574576
3062,0.9762393229090521
3063,0.9236040657845942
3064,0.9951669050881312
3065,0.20272008874566022
3066,0.33406199711463214
3068,0.4446509561045106
3069,0.2643316986925289
3071,0.7200054328407748
3074,0.9920329690713479
3077,0.5200198988143068
3078,0.8661942961391259
3080,0.873654623045136
3081,0.6206700334880378
3085,0.2658577465090466
3087,0.9907876338131665
3093,0.8639231720106356
3094,0.7057116850617062
3100,0.4532804547114837
3105,0.3409822890488082
3106,0.9931134719504034
3109,0.6140220595486052
3111,0.8194440483563389
3113,0.9789030352464309
3116,0.3469619348153919
3118,0.9951075612243175
3119,0.25375072160726286
3120,0.07108554348253623
3125,0.8394303177569677
3126,0.6087844278939533
3128,0.33241569216402816
3135,0.9997867118504845
3136,0.9038855503394653
3138,0.8624193513643542
3140,0.7923235167221617
3143,0.3597384838085015
3145,0.7999038337303104
3147,0.6280913531634122
3151,0.9950651465959558
3152,0.7321839483042959
3153,0.6425341211430726
3154,0.6660704937987376
3158,0.39767534552621536
3159,0.7192546367324665
3160,0.6170969578024762
3163,0.4356414718323529
3165,0.9929820656446653
3167,0.4171024379528251
3169,0.743197278714614
3172,0.5712840269749988
3173,0.7563385258513753
3174,0.9239754261745198
3175,0.9401440481526986
3177,0.7868246333825497
3184,0.9798022083501114
3185,0.7916841220318643
3186,0.8697839010181858
3187,0.6976323512758721
3189,0.9506063271815093
3190,0.6587989080340455
3191,0.6648087260571605
3192,0.6974219660634081
3193,0.862675740442469
3194,0.2060577663022275
3196,0.967776509061517
3197,0.974179730740681
3198,0.9734844772295264
3201,0.81628389271138
3203,0.1611826059218204
3205,0.6580998159227621
3207,0.513078691780672
3208,0.8813870528347011
3215,0.6826208623395744
3216,0.9453633550014113
3217,0.40161436996444055
3218,0.9966254263340372
3220,0.9541214297836174
3224,0.6160737336850888
3228,0.989874708966779
3231,0.6695464239748051
3232,0.34931123336872294
3234,0.9971426465948611
3239,0.7346391940556912
3242,0.9763692789560616
3246,0.0843482379346753
3247,0.16096026681938844
3249,0.33323041803637216
3251,0.985036249035173
3257,0.7298165169271134
3259,0.5292864525235432
3260,0.85635338722404
3261,0.7693468025618977
3263,0.7926328136314114
3265,0.4557836983082642
3266,0.7946817081455126
3267,0.8259867085656597
3269,0.9943877740602622
3270,0.6983173665891831
3273,0.9921841059377214
3278,0.9556545823679296
3284,0.7185384608373345
3285,0.2039252735126437
3287,0.3738768166371336
3288,0.8755160604412695
3291,0.2635465199004739
3294,0.892295413729564
3295,0.22444355925856768
3297,0.23507599045314956
3299,0.5206548666348889
3302,0.7286533554126425
3305,0.9964923861532424
3308,0.990267959392675
3309,0.586390298996646
3310,0.6086541614255181
3311,0.2984723763333591
3312,0.28202259996518086
3313,0.9903682484017126
3314,0.3922978018029221
3315,0.4366784428354898
3316,0.9795880762501842
3318,0.3576254067121865
3319,0.9946865351422798
3320,0.5625967450441499
3322,0.9737179182506941
3323,0.9840065562903025
3326,0.8843402836587745
3329,0.8868430531170195
3330,0.0655291476781753
3331,0.9022262527144725
3333,0.8821417759971809
3335,0.976253046761221
3336,0.9529682508360743
3339,0.216719184432433
3341,0.9946801688492429
3343,0.9432540701502571
3344,0.701649709930834
3345,0.21997096945051828
3347,0.9679978640731612
3348,0.35704528372908007
3352,0.9734558129338854
3353,0.48506638983051636
3355,0.4311768293843841
3356,0.8367110538668012
3357,0.9888235301722129
3362,0.9351806419310458
3365,0.412080498604236
3368,0.8977899790131869
3369,0.5325070994783223
3373,0.3593514059219374
3374,0.6707414399508383
3376,0.9783808337182874
3378,0.8915393861021786
3379,0.9932884726358895
3380,0.5801132529483581
3381,0.7465389642846026
3382,0.9838059522692956
3383,0.9849640351207812
3385,0.8647929001588754
3387,0.6599175710764211
3391,0.42335744348175386
3393,0.247068895852381
3394,0.9977790712200483
3397,0.9438416238092202
3399,0.982145646495125
3400,0.5364670633836135
3405,0.4465192590494709
3406,0.9996140395874038
