2,0.16723272715835705
3,0.15691092934552775
4,0.20219137171462592
5,0.37630646139754564
6,0.5141310010951626
7,0.222010111777048
10,0.18631842834864568
11,0.2986160434653671
12,0.012625469578410282
16,0.2311935432741312
17,0.26051243789089673
20,0.33676058365870704
21,0.20010450766520116
22,0.22227557571609327
25,0.2327825883761008
28,0.17622280568925963
29,0.15607257100788072
35,0.29135794341934007
36,0.27184361265438167
37,0.23338829731847044
38,0.21800378262643494
39,0.17031732610351497
40,0.20716387555489746
41,0.30870826841770305
43,0.16963628449276666
47,0.44188715184797434
48,0.24061595922999893
51,0.15436641952576655
54,0.20498582778352814
55,0.1722641845385884
56,0.17741920844144327
61,0.50300268631071
62,0.2790009242612105
63,0.1628898756961284
65,0.20681322596858276
67,0.1703693284328463
69,0.1895685646535192
75,0.42103746915946166
76,0.16277714015157735
78,0.26761785774784735
79,0.33607316392524267
80,0.24291991942594626
82,0.17030911330842544
83,0.2522791865864698
84,0.20552015572237656
90,0.4213404461408388
91,0.2850058926223466
92,0.17051231382879656
93,0.2156456705519598
95,0.17344694916079292
96,0.17529338527754737
98,0.16737865860186707
99,0.3764289870594624
102,0.21240745454374962
104,0.36192452418106147
107,0.22620441736553618
108,0.1658295441920179
111,0.19551218056431466
113,0.1928652258790114
115,0.16701221558815113
117,0.3310305993744549
118,0.3949146337488209
120,0.20774886941096496
123,0.22218402622859684
126,0.32905037216745237
127,0.27087301011334775
128,0.3236750804359802
130,0.4457297523519209
131,0.42657876162687736
132,0.17816485662830772
133,0.2109181125107554
134,0.18343925192324168
137,0.2827604548834079
138,0.5662617262273547
139,0.20821773090171342
144,0.38469682591433657
146,0.20187987434925053
147,0.23829463960746713
148,0.1742537113721111
149,0.18686187765993134
154,0.2536183768524088
155,0.37216894653684696
157,0.16023612108715962
160,0.4199950015932933
161,0.2598015409176008
162,0.29862328701781315
165,0.18284832009702273
166,0.1872548243683896
168,0.17974789846269695
170,0.21103051236246692
172,0.17261808756531494
173,0.16641488773843435
181,0.1535039123202146
182,0.3811399550293673
183,0.38246233943564434
187,0.405031161350112
190,0.18000301719440373
191,0.20760428938353545
192,0.2163976062036616
194,0.2972379280708859
198,0.2309973539934973
201,0.26066975247867785
202,0.1843111173615813
203,0.23342124490191302
205,0.15839501734540365
207,0.650449400234934
208,0.1566790227294352
210,0.2676667373418633
216,0.2438489404723338
217,0.16999250991300355
218,0.30302217707989765
224,0.1995531726850243
225,0.2500750199564985
226,0.24130499601487895
229,0.49121085271170584
233,0.5302517110953091
235,0.2683770076719201
236,0.2038172784073658
237,0.26548985244589823
242,0.21118974852953834
243,0.21841063391503027
245,0.2511400085599336
246,0.17719844433610918
249,0.34261846577748856
250,0.3115305308208171
251,0.35063505663465017
254,0.16935900173872623
256,0.1628095181583096
259,0.2434253779990078
261,0.98805371324455
263,0.1712735360240947
265,0.15806986251629376
266,0.7396145472874948
268,0.19587303072142778
269,0.36412125240407955
272,0.3857555691308745
278,0.21471271179669782
281,0.18343260381753423
285,0.23512825741541168
286,0.25936089678638996
293,0.15868758673053854
294,0.2403882976946036
295,0.1609305951056852
302,0.2299600297302423
303,0.4727330875674228
306,0.2422239575140072
311,0.5042500385487906
313,0.1683255640544453
318,0.34573231470115007
320,0.2567011350870472
321,0.26425371648135226
324,0.1650270381524431
327,0.26301034019125474
328,0.16894037286135632
329,0.04396843390278862
330,0.2228290732816974
331,0.2073273743697618
334,0.2188631420866626
335,0.161626573429092
336,0.2584432617956162
337,0.1708922192705897
338,0.9065432916806092
339,0.18153044728928336
340,0.3043084966607444
342,0.17062426976023695
346,0.15674177780569495
349,0.4048520045993246
353,0.5486522149895273
356,0.19203113022168203
357,0.18477113327542408
358,0.15775015333509207
360,0.21937856242518752
363,0.21903902206545037
364,0.1691270798822127
365,0.24462492307607295
370,0.3171785151519614
373,0.2623798959442769
374,0.17569802721519928
376,0.2555827979172351
377,0.37539065222479356
379,0.3074572887232587
380,0.17680210503860458
381,0.16343242097361343
385,0.23008152644405247
386,0.5840462807329742
389,0.16736761889359167
390,0.17816521925656048
391,0.17066555029486966
392,0.15814914733883853
393,0.33343313190609963
396,0.23457693043411348
397,0.24506176885192568
398,0.1612458553506778
399,0.3428199633480195
400,0.1928836085375309
401,0.18161372254746835
402,0.1709745579606838
404,0.2584757420161437
405,0.33695632994341207
406,0.3868468998057875
413,0.18064709282461633
414,0.1611330938163553
418,0.23145479690128662
419,0.1815511576444833
420,0.1629183486971647
422,0.23091518342333736
426,0.20985214676013625
429,0.16385448904747218
430,0.16929181744001842
432,0.2195552684693524
435,0.25408577929772314
438,0.529091280075035
442,0.16566204689769531
447,0.36778453310321724
448,0.2082552353609207
449,0.3916856389190966
452,0.21666499727811805
453,0.741014041869608
454,0.17092738467191854
455,0.4086810237265954
456,0.21032100166548612
459,0.24039420489888905
460,0.27246500498849874
467,0.28561448831312575
468,0.2710817319571017
470,0.2190206467812116
471,0.327836703466173
474,0.37492937645674684
475,0.21230878543634402
476,0.16443485440497135
477,0.24607460896550748
478,0.18929870694164427
482,0.22336541772956459
484,0.17237686070895647
485,0.16975301464140005
488,0.21723253395253034
489,0.3642523853901168
492,0.98703738405809
493,0.21501620764658533
497,0.23350623990635502
500,0.4011520632090363
503,0.46860549004095714
505,0.17279620959776915
506,0.19488933295483765
511,0.23819941485344853
513,0.2044298004000587
514,0.578903635065699
516,0.22552138155576534
517,0.45116364768128436
518,0.4470712129684904
521,0.2133345810725101
524,0.180325866298814
525,0.38006815279840805
526,0.17254152152697944
532,0.2599617867190204
535,0.02505751881731884
537,0.5048914162093787
538,0.17430548169385476
540,0.23427724245160086
541,0.20361650152825062
542,0.18474093740188874
546,0.20041227311951196
547,0.43296010876426605
551,0.19588292080843983
557,0.2246629725834924
559,0.3477898523043034
560,0.6469800174875814
563,0.8024915014731084
564,0.1726783689975889
567,0.17592314756625957
570,0.18689357485628927
571,0.27352737392622384
572,0.15495837740517687
575,0.2209888774004497
577,0.1703473598560823
578,0.2734075830290706
580,0.6161780664176201
581,0.21511379530604305
585,0.3179397258216403
586,0.25291218207600374
587,0.8866975612982625
588,0.4093478883354055
589,0.7426877642564937
593,0.22714616554123226
596,0.17345806111384726
601,0.3436352490272346
604,0.4072314758405933
607,0.21605296792021994
609,0.28282278813991857
610,0.2776970167753501
615,0.3424819141589266
616,0.37442204666807843
617,0.3059878700942022
623,0.26321431764015973
624,0.3240935510798783
625,0.32343723349059317
626,0.26399528275555106
628,0.24611759626990204
629,0.4591383138598039
634,0.23732169504370448
635,0.35709460830882345
636,0.22352921076460835
639,0.20678160501791448
640,0.3636316405649853
641,0.6982935893893778
642,0.22314711388657063
646,0.29008740500003527
647,0.5027794858454879
649,0.18060886669385323
653,0.33587784154921596
654,0.4148568698663747
657,0.2835286598106479
659,0.42114039502850137
660,0.3397844766331369
662,0.25727731532542736
664,0.22292859526854808
667,0.26320818404084323
668,0.2847028898971498
672,0.211598463709824
674,0.2530519954184096
675,0.34138055314660204
676,0.3080249279816576
682,0.1663359780865929
684,0.3633523066207657
685,0.5116069367438577
687,0.19574926022355996
689,0.4304434810682629
690,0.29332845984668865
693,0.4463593869909344
697,0.35754199952076793
698,0.23290096891271345
699,0.5067216626169507
700,0.19127415373745926
702,0.18837909607501438
703,0.19955955173424253
704,0.29417547406177297
705,0.32783992372105486
707,0.3386433636229085
709,0.27325918078778977
710,0.19446186545532143
711,0.17549254532857997
712,0.1995187523414019
714,0.33619273008631223
716,0.6615213304612928
717,0.19205224272324167
718,0.43827820824265146
723,0.20328695741027966
724,0.2180275830438391
725,0.15887077906838498
726,0.4763772091177145
727,0.5017621406821301
729,0.16939083375545663
731,0.18223067883568597
733,0.18647824242365738
736,0.28975618537450815
738,0.22102462070884318
739,0.3987468791649365
740,0.3671837507971508
741,0.3864687819995289
746,0.4117080582418256
748,0.4166274946556124
751,0.7163550122826478
753,0.15615126761631012
754,0.3088227461603444
758,0.27060891585757985
759,0.17137079748572367
761,0.19348761952280571
763,0.20696033007140976
764,0.8654779683999977
767,0.15620905936785184
769,0.2293177745391391
770,0.17911040920711083
771,0.42332298551128017
772,0.2414929895521831
774,0.3523626616260887
775,0.19610611879018117
776,0.1748016398525214
778,0.9413638485911971
780,0.46999377884210297
781,0.24822161145413973
785,0.43116181827447064
792,0.18635314084180005
793,0.41999793006433594
794,0.48534642528888816
796,0.18581944316688448
797,0.5022089824210345
798,0.5796199220101504
800,0.22950761980136572
805,0.15512755979632445
807,0.22750407428639693
814,0.3604598976657166
815,0.5426650943309066
816,0.7980368963428414
817,0.38269724484062184
821,0.2543055663920955
823,0.29982760038069506
824,0.3186536526887116
825,0.17829848017700625
826,0.17658695814170006
827,0.2645089376323644
828,0.22596202646320915
829,0.3566908355694361
831,0.20228189550124526
833,0.17656440838991183
834,0.2822392434110814
836,0.879736507772108
838,0.3515258264244463
847,0.4170297846731371
849,0.34590870278169045
850,0.5153520802646234
851,0.34383995905909387
852,0.1770341532986895
853,0.20387539587839212
854,0.3514624745302105
855,0.4853694108667123
856,0.9552056242643082
861,0.44057279522246223
864,0.17950948223589075
866,0.1983513600580275
869,0.5072585276183142
871,0.6811361337562117
873,0.2412197657617901
876,0.1796141027547025
877,0.7173224778033271
878,0.3582892482711948
879,0.36992111654310794
881,0.42628735933972967
883,0.7327237187023989
884,0.24963454708854202
885,0.3344122334119342
886,0.9153484122753146
887,0.24991466224828696
893,0.3631608745456807
895,0.6800881235893875
896,0.38907512247005144
897,0.4739207955911789
900,0.40154552071876065
902,0.22588585132483752
905,0.20842635821940764
907,0.16651478182326787
910,0.37025228034006924
914,0.44172978238603644
915,0.23137618654649283
916,0.6914327696349757
918,0.242390502770812
919,0.8836605597999687
920,0.1764131618010972
921,0.33203495154784185
923,0.23162424253085845
925,0.8826186714280352
926,0.9749313546259758
929,0.519256269793639
934,0.23677253270680615
935,0.35936949392289225
936,0.2107420649078959
937,0.777394348184807
939,0.5035791592574059
944,0.29304870114041903
947,0.3359251148428912
948,0.8333681135985256
949,0.5023669861498418
951,0.9440788983781472
952,0.2508539827661416
954,0.274226448905158
955,0.22485660700469984
956,0.4283119094403202
957,0.19608304445925745
958,0.2317116619823983
960,0.4211464363564398
961,0.4009726677187661
964,0.19944894735107535
967,0.23586470777444718
968,0.32001964231203095
972,0.33946004766545046
973,0.42314469804637567
974,0.040352612369137335
975,0.15689858535705922
976,0.2277001175586517
978,0.7114268786991951
981,0.3859932490518304
984,0.3321108290176357
985,0.8586298992219487
988,0.32004454395924564
989,0.4791784609316357
990,0.1727325012796025
992,0.1961175024604147
993,0.43208728241803995
994,0.2023454090605959
996,0.37446250104008066
997,0.20969873424258853
1003,0.38445265683644664
1008,0.32003454720027247
1009,0.5053738992113441
1013,0.17750589185543048
1014,0.29854079309936904
1016,0.16083555566513344
1017,0.16837343644580732
1020,0.19345661717404092
1021,0.9460934876689079
1022,0.23843428933531452
1027,0.19591089157856328
1029,0.3143471496175992
1031,0.3781814106493495
1032,0.47067722704729587
1036,0.1634791785413175
1039,0.42778489643887585
1040,0.8499513545938135
1041,0.16371810036030815
1044,0.6673224533682006
1046,0.21517244462796134
1047,0.5183902522333674
1050,0.2704965429563219
1052,0.3495191236182994
1055,0.6679046513513976
1057,0.5249364782931987
1060,0.22199180947860764
1061,0.8050331582268275
1063,0.17858698449339905
1064,0.24745556354217713
1066,0.4031758112924066
1067,0.259717200470451
1070,0.8586154385719316
1071,0.27373050662767207
1077,0.9469301024724923
1078,0.21897873645680216
1080,0.3428510167710158
1082,0.3332019964060242
1083,0.48761533167586335
1084,0.7218608684370478
1086,0.2974004559978906
1087,0.19704680249838108
1093,0.23694325494088084
1096,0.2803158393640103
1099,0.39923689078623603
1102,0.27831975981198354
1108,0.764048530084145
1112,0.3850702477868066
1113,0.5782409133841899
1116,0.9366697609329079
1119,0.4383912118503491
1120,0.17816786036631857
1121,0.6362667674140003
1122,0.4054068702523559
1123,0.25258558889222527
1127,0.2153019177686095
1130,0.8094733811028539
1131,0.21126167640062418
1132,0.22892577722248458
1137,0.39581004846439743
1138,0.7768657310077149
1140,0.16041731501672427
1141,0.5084339194984513
1142,0.5198469443845541
1144,0.4163028948028454
1145,0.8063336287508968
1146,0.8418889518255805
1148,0.7504784872788541
1149,0.34395011618471616
1151,0.46078563886178386
1153,0.5942666627553587
1154,0.8463548100241063
1155,0.8674450941975789
1156,0.28320933243075314
1157,0.49670009362902445
1159,0.26359878407533055
1161,0.23442400203549382
1163,0.7199354261989528
1164,0.27913975753181264
1166,0.904341248682088
1167,0.8665816624322565
1168,0.45809126167993336
1169,0.8746857493853676
1170,0.33938557453781565
1171,0.7327711085174218
1173,0.2109462189620987
1177,0.3282627750574559
1181,0.15665684619937428
1183,0.26422509913625775
1184,0.2609963318365154
1185,0.1915167413590945
1186,0.4998817499557305
1187,0.7363772114083398
1192,0.16242830044970805
1194,0.3497827777853524
1195,0.3018019435558456
1198,0.2843606093280987
1200,0.6881853450529701
1202,0.6297921181813587
1203,0.899171962291055
1204,0.023133689153430424
1206,0.5439817718182806
1210,0.2683039403655856
1213,0.4655749718108807
1215,0.5851156018395093
1216,0.6458570352455716
1218,0.2547205996457508
1219,0.4519434491007039
1220,0.21915723154239083
1224,0.42113427542426707
1225,0.7414605897815343
1228,0.9782027157974766
1239,0.28264151827853345
1241,0.1951787104859652
1244,0.5405236110649262
1246,0.2615263089879414
1247,0.3216304373216428
1248,0.345571674119778
1249,0.3838365443645747
1250,0.37750588011009995
1251,0.7195586042890263
1253,0.411217837872959
1255,0.257960254671922
1257,0.2774054979715686
1258,0.25550530951114736
1263,0.48140954623357746
1266,0.3768751701951573
1267,0.4755415868025059
1268,0.42009745545692556
1275,0.46131300035718187
1276,0.5551773857440659
1277,0.6966464850256886
1278,0.7963144594632748
1280,0.4154033517125929
1281,0.4591355035865328
1282,0.7032881595543352
1283,0.3847770556969275
1285,0.8456846730744594
1286,0.19798710425833552
1288,0.285954167403385
1291,0.5097023782252188
1292,0.9342614110836979
1294,0.3593849790100744
1295,0.33386928418172546
1297,0.9858992929324916
1298,0.5267966863447009
1301,0.2749605823453285
1302,0.25972868602730076
1304,0.4207925418439001
1305,0.2884596003371549
1306,0.1576745407782206
1307,0.42107607858385937
1309,0.5623507109064583
1312,0.5567195091797636
1313,0.9933662874030603
1315,0.3624439063593219
1319,0.39976655140520334
1320,0.6154932390104525
1325,0.4300168361893253
1326,0.3391645507315389
1328,0.4293647343481174
1330,0.3297342674959581
1332,0.27953576026696186
1333,0.2823216838253786
1334,0.28987172162701474
1336,0.5736951866350747
1340,0.15516086277205365
1342,0.6514166498975937
1343,0.8276537893826567
1347,0.18812757074330497
1348,0.9877782871278352
1349,0.35712222037682917
1350,0.9708078579496181
1354,0.5177298080610113
1355,0.23806535674066362
1356,0.16434318239598125
1359,0.8858398688919636
1364,0.2959213432412828
1366,0.588557268204644
1368,0.9799384345277422
1369,0.358639942882178
1370,0.18641045826703564
1372,0.11552663444287357
1373,0.2771297109479605
1380,0.36399820472880134
1381,0.15685313461232167
1383,0.26968094271522974
1384,0.21280260825275055
1385,0.4841701700697745
1387,0.7908857934203651
1388,0.18980591364748509
1389,0.2826022501755213
1390,0.5923993706752041
1391,0.35120140425895496
1395,0.9570635271415743
1397,0.20041954027051198
1401,0.4164626273033313
1402,0.8634971883621146
1404,0.193446026644962
1406,0.17784028313315906
1409,0.27210878957963097
1410,0.16161431475269666
1411,0.475397025387052
1416,0.7561296730520679
1417,0.6438452689011708
1418,0.8349893232990906
1419,0.6933954498084771
1429,0.1919705457676769
1431,0.36195433755232514
1434,0.8928140862731934
1435,0.8612524201096898
1436,0.1686033160402067
1439,0.98306635804037
1440,0.5215223470683278
1441,0.5591731713533891
1444,0.8444280651510102
1446,0.3697712698380073
1450,0.24617551876544996
1453,0.8525751966051703
1454,0.9315338819100127
1459,0.15531886272749765
1461,0.20350925963154864
1464,0.48825529044763843
1465,0.41328580941040577
1467,0.2524062134881317
1470,0.32883666881153695
1471,0.5411591137488327
1472,0.454612338369942
1474,0.8979840462478282
1477,0.971718004973875
1479,0.48771428863621685
1480,0.5337460445406359
1482,0.17403638765349944
1483,0.7502577567920994
1485,0.20408608519687396
1486,0.6211602002433788
1487,0.7586787675821822
1490,0.6612895372191688
1493,0.14666266945652237
1494,0.32081082335258315
1496,0.619365902989979
1497,0.9516513828292602
1501,0.6915730432060687
1505,0.4447411543263498
1506,0.8812459112341324
1509,0.16105724939832888
1513,0.3676733868292182
1514,0.2725647896091716
1516,0.45516147572652793
1517,0.15818550124252212
1520,0.4434841298235436
1521,0.21293385256342565
1522,0.9267145924907685
1523,0.8387650383979413
1524,0.4605347079752763
1525,0.15847718753786486
1527,0.17343149444566902
1528,0.947660961564135
1529,0.9655536695535404
1530,0.7628003945487447
1531,0.6016941071129978
1532,0.6861273646494312
1535,0.3800384818206753
1541,0.4265898854489651
1542,0.35251194646758593
1543,0.34225177902141607
1545,0.4247926243877119
1548,0.5401059430701166
1549,0.449828860156627
1550,0.2210225608664396
1551,0.7566377214623271
1556,0.4483787747342781
1561,0.7148636401361262
1562,0.42114981540614715
1563,0.4898059604527096
1565,0.40171781569203335
1569,0.685907729401136
1571,0.1588383104756899
1572,0.3838275189141971
1574,0.36014593220902225
1575,0.257624023109433
1580,0.9671037856986481
1582,0.9523973509036322
1586,0.9864081509749947
1590,0.19382974399388395
1592,0.5253818494562948
1595,0.19694212647416576
1596,0.9005841594242987
1597,0.18990011028054524
1598,0.3746562844484352
1599,0.9428622666247726
1600,0.34510777655563085
1604,0.2811091825552974
1605,0.845720124034957
1606,0.5249815180592317
1608,0.9188441882908854
1618,0.9655771739507417
1620,0.7340799582233427
1623,0.20785235929387413
1626,0.44140388642865946
1628,0.40423349927774527
1629,0.6849118869326191
1630,0.4755192158451388
1631,0.22479764056894205
1632,0.9912049814862384
1634,0.9346492925954948
1635,0.4365622128807016
1636,0.6172805068603335
1637,0.26327817412974
1639,0.5476667802848917
1640,0.37991414396018963
1641,0.12180691676233131
1644,0.8423591868908833
1646,0.6074461723569757
1647,0.19011663452272387
1649,0.35252199974858117
1650,0.21116133682032304
1655,0.16410683794217182
1659,0.9615495684694978
1662,0.02416317954375601
1664,0.35082984669587286
1665,0.20973925984544384
1669,0.38425788356068963
1670,0.6953242228706688
1673,0.7123503984061518
1674,0.2403891945198981
1677,0.34578644085614996
1679,0.27208151318974577
1680,0.9406203114032432
1681,0.4062481155607848
1683,0.18622044912342817
1684,0.21726651743437309
1686,0.33979711024541104
1687,0.3146831164476546
1688,0.46069597178946853
1689,0.9657143765808841
1691,0.3794505507044931
1693,0.1649899876762228
1694,0.9850449297817998
1696,0.9630832410728943
1697,0.43520701188666366
1699,0.8996104109105748
1700,0.2257720658311014
1701,0.3653763665005938
1702,0.3182666274845397
1705,0.4749406936731838
1706,0.37401346605143104
1708,0.5089121763304835
1709,0.1740152689459419
1711,0.2068172171249195
1712,0.446158708646131
1713,0.3819335423501624
1716,0.37989664930440353
1717,0.20113653458119377
1720,0.836890481171222
1723,0.44527485696392205
1725,0.9244092574957153
1731,0.4483170650305217
1734,0.3627084873985418
1735,0.28007905407900313
1741,0.24254526429209264
1742,0.943686502102697
1751,0.6163936902191878
1752,0.504292406515192
1753,0.2567425298796306
1754,0.3946758912333874
1756,0.4971607142858262
1758,0.9123937696406419
1759,0.38260011605962396
1760,0.5122410710460218
1762,0.20065912998707824
1763,0.9649588175284514
1764,0.1998609925040874
1769,0.2296686922610038
1771,0.38031997552098246
1772,0.4208642303298987
1773,0.21368991275648389
1774,0.37185329733868705
1775,0.16547054899895142
1777,0.4737544055707813
1782,0.9946199948932786
1783,0.8460854563280834
1786,0.9151394444186427
1788,0.7051312344770373
1791,0.5688953631480752
1793,0.42105673942762095
1795,0.46995247466217877
1797,0.9851788381202249
1798,0.9690783836157936
1800,0.9004479127226714
1803,0.32632644233702585
1804,0.6937946684864784
1805,0.1951192431042694
1807,0.6933446580078032
1811,0.29199024482369074
1817,0.8826792726804186
1818,0.8738017369268998
1820,0.32494251907334726
1822,0.39753813844508473
1824,0.407055190117759
1825,0.9221370599056549
1828,0.7421631028884542
1829,0.19115589219910736
1833,0.24084858248715307
1835,0.2823840857924022
1837,0.32303959105170027
1839,0.16968116851028953
1842,0.23351078593088764
1844,0.2666999659791183
1846,0.18364691394752897
1849,0.4185020128740826
1852,0.40233013583459915
1853,0.0069747481008207695
1854,0.9173819622689384
1855,0.38794513933911506
1856,0.40549542827788976
1857,0.4021898965051562
1858,0.5085398025458912
1859,0.15841012881927935
1860,0.7461733159713142
1864,0.3350731685097284
1865,0.49708630864604697
1866,0.7329628318170809
1869,0.32545564978919095
1871,0.15779018040573
1876,0.3866948020142787
1880,0.9159145132291013
1882,0.37291288630724506
1885,0.18769998930525186
1888,0.5202804684064374
1889,0.25462329741474093
1890,0.3707767190159837
1891,0.8456318432858559
1893,0.415201421099532
1894,0.47689001542701265
1895,0.1593345217063543
1896,0.3986960884675168
1898,0.1840329268207285
1900,0.6827079352434317
1901,0.4587455583153998
1902,0.6175891267032674
1904,0.8167271382347098
1907,0.5185114601034915
1909,0.6404396173200391
1912,0.29845013864158576
1913,0.3829579616726184
1914,0.8634749889251598
1915,0.8635963630131874
1918,0.6487536259787705
1919,0.20316043195831848
1920,0.33187814338662813
1921,0.5023559550850443
1924,0.2076372430941543
1926,0.9706953124056901
1929,0.19497364228085046
1931,0.66540673183741
1932,0.5886225786545132
1933,0.38602956524943277
1935,0.46059658493504635
1936,0.7656266421316902
1937,0.8690704152366199
1940,0.15672961002958605
1941,0.2139776810929841
1943,0.5367069137769102
1944,0.18027076732939826
1945,0.9952746769296893
1947,0.44707586789944387
1951,0.5562901819311776
1953,0.49182733360019576
1956,0.984058999986128
1959,0.16707510159007746
1960,0.4788509831100365
1969,0.41187108964367486
1970,0.3429923795477275
1971,0.8822739845245801
1975,0.07103681335230623
1976,0.34855049495827845
1977,0.6045749153681785
1980,0.20594147140020813
1981,0.7485383781963154
1982,0.49941205015747986
1983,0.9847785026935995
1985,0.7083768780202856
1986,0.8377456153192657
1987,0.8083414693622136
1990,0.31829203376707343
1991,0.48851186104466543
1993,0.9610640386863963
1995,0.982901173321451
1997,0.9784358492852658
1998,0.5006279957161336
1999,0.8457444983694373
2001,0.7952099460170798
2002,0.38795177327972796
2003,0.18383679241248288
2007,0.42123361631458184
2008,0.6605230653876749
2010,0.7122815443786311
2014,0.1561364358183783
2017,0.5778915744526313
2018,0.9335554372961506
2021,0.33272238944828103
2022,0.33904041522560024
2027,0.6165253933538744
2028,0.21775055773413796
2033,0.23578145525582686
2034,0.4854710153813769
2036,0.4521856542529915
2037,0.7167976768763712
2039,0.44258207812517586
2040,0.2729206082897377
2041,0.229036556309784
2042,0.16719741002766678
2043,0.1819481907699095
2047,0.921620196537483
2048,0.42942485042643547
2049,0.21925431550062924
2050,0.27490328792904806
2052,0.9441681013313172
2053,0.7845192438376848
2055,0.956992659666802
2056,0.7226172559565333
2057,0.5304144277724507
2059,0.2608300162190239
2061,0.1814623277501373
2062,0.29027383056227146
2063,0.4878745465517191
2066,0.8839111970474162
2069,0.31922162091257045
2071,0.9667537706921433
2073,0.029816591892618975
2075,0.9860675162830129
2076,0.26267018717864943
2077,0.3729870984226208
2080,0.43806304202303986
2082,0.8278075722412361
2083,0.9462073903027547
2086,0.6472252403417644
2089,0.7384441370920992
2090,0.35448455734970785
2091,0.7965131198068534
2094,0.6445432627203345
2095,0.48237754737134175
2096,0.8337612135258478
2101,0.9687580275956233
2102,0.36441658610181255
2106,0.33834508982088646
2107,0.9256382695180843
2110,0.4301991337466395
2113,0.9086686755034677
2114,0.16361735471569686
2117,0.9035126516915176
2118,0.1707473486604949
2119,0.45212380871519703
2121,0.9873094743865001
2122,0.21625107670322002
2123,0.6970593085911778
2126,0.5340522399261783
2128,0.8510022208745707
2129,0.8913469439275576
2132,0.7513411267812495
2134,0.3297453794081666
2135,0.24474593511662635
2136,0.47899955870460914
2137,0.5111616020164432
2138,0.23341995846980101
2139,0.9799763713333401
2140,0.3304260025547208
2141,0.7191051144863649
2142,0.3788528104908116
2143,0.39139929304066945
2144,0.9802087511177087
2145,0.3307836797145741
2146,0.6412956306099316
2147,0.29324017768352867
2151,0.7258990585889019
2152,0.8946646362092172
2153,0.26754641479092395
2157,0.11354707957682786
2159,0.5796697643034244
2160,0.496603220855833
2161,0.6418049208418701
2162,0.530082115819259
2166,0.7345309552994405
2168,0.9970113069260804
2170,0.33827995715574266
2171,0.29993476759268634
2174,0.6257977393779441
2181,0.2564821250384817
2183,0.3666792389551689
2185,0.7003704932766818
2188,0.38013618766435303
2189,0.9825318837692688
2191,0.8402500610414746
2192,0.9253281389106819
2193,0.37202525050956664
2194,0.8961352907608179
2195,0.1986270283216609
2198,0.639798727332727
2199,0.3918506673184703
2200,0.5415283018247924
2201,0.028135961888478535
2202,0.9366187345546195
2204,0.9158124308326907
2205,0.5182153879993691
2206,0.387014677115226
2208,0.5443177134100966
2210,0.2029309897730888
2212,0.6028516667040689
2215,0.9953720527624957
2218,0.801965531623102
2220,0.9406783812812278
2221,0.8499823675181326
2225,0.9926772650138032
2226,0.3334064208440336
2232,0.5599104505097002
2235,0.38336846412619413
2236,0.6451467218180704
2238,0.34441920302177853
2240,0.9879618814808526
2242,0.4547844509276685
2243,0.991205188227696
2244,0.48231562730851374
2245,0.33353699465342146
2248,0.6825738073697648
2249,0.42964733576261355
2251,0.28633154978239655
2254,0.8127228641371551
2255,0.3889988410245968
2256,0.18912171120016014
2259,0.2440062572288808
2260,0.9294255574755672
2262,0.20302998172768247
2264,0.9860188073822875
2265,0.9493824328092715
2266,0.1717185165037387
2267,0.4132605560937527
2268,0.7104037267702658
2269,0.8549935531113722
2270,0.38793116002223554
2271,0.5105176971097322
2276,0.39292499126173625
2278,0.9247962025961324
2279,0.7405335721370097
2281,0.5900936141080488
2282,0.35932817703554865
2285,0.4232360225937823
2287,0.9607996173585617
2289,0.8098082123066594
2291,0.8269311025875251
2292,0.7785918111897706
2295,0.7031794069418593
2297,0.4009423061009877
2299,0.9495455566221299
2301,0.9953537100788039
2302,0.8714055948685554
2304,0.9220914118454258
2306,0.3981954852041816
2307,0.9209286606642642
2309,0.6279250053554575
2311,0.6346703850906366
2312,0.9974450327152942
2318,0.21255724162281725
2319,0.23603339508244506
2320,0.9897061190079854
2321,0.9794180964616856
2323,0.17428021846919564
2324,0.29274663243473475
2325,0.3432410452396107
2327,0.6926501849886291
2328,0.7935993774220691
2332,0.9479721761652578
2333,0.2800360169300001
2334,0.7466417233245605
2335,0.8235637577747911
2336,0.825103807929613
2337,0.41224990953978247
2340,0.5334974253831061
2342,0.9963421280218709
2344,0.9867061954726525
2346,0.4191885015132956
2349,0.3806016900411455
2352,0.15669914166351803
2353,0.31823649703036894
2355,0.4631985228975772
2358,0.2799484931422301
2362,0.3754881778518578
2363,0.27753011020532764
2364,0.49683058103437516
2366,0.5129764051186936
2368,0.6984040593843681
2369,0.41652073678822715
2374,0.7308225236916641
2377,0.9114594522369976
2380,0.710669154417388
2385,0.27019498452709595
2386,0.1937735179356382
2387,0.29207760192962223
2389,0.3154145810733819
2392,0.2643979170514182
2394,0.49349179945938043
2396,0.6285039145264343
2398,0.5036423462506808
2400,0.4951046882163301
2401,0.21887683806603556
2402,0.641371817191002
2405,0.15712926934477894
2411,0.35998447396222255
2413,0.7326049690614623
2417,0.9867782954057286
2418,0.9207657776505851
2421,0.37456375171799466
2422,0.27580522517058464
2423,0.23551696121656734
2428,0.9817088594068493
2429,0.6066967687438947
2432,0.3512447809873844
2433,0.32649582014423684
2434,0.3705783254235526
2435,0.3259654727184847
2436,0.25968758466097785
2439,0.2150054294866443
2445,0.7758773501009043
2446,0.9573018247389933
2448,0.7223636694686293
2449,0.8146255740879148
2450,0.26942115352031887
2451,0.22667546385510454
2453,0.8537214422768346
2455,0.7510949058701751
2456,0.9405206794784585
2458,0.7221999357829245
2462,0.5880811499038362
2465,0.9095620226633816
2469,0.8211731741946958
2472,0.4939803602072982
2473,0.8503984228051503
2474,0.7180119110415212
2475,0.814830180407207
2477,0.4456157425428142
2480,0.37063658602243305
2482,0.9846957599207907
2483,0.9351820919703637
2486,0.15972341422216146
2490,0.2090274415679953
2492,0.9958110954999035
2493,0.3649792932544731
2496,0.20805986768114298
2498,0.3719278661425857
2499,0.8535451882611679
2503,0.5848310582607505
2504,0.3239950000459576
2505,0.5035391704073402
2508,0.7112187441166413
2509,0.9641064582839409
2511,0.7229505969910107
2512,0.41874633087942426
2519,0.9562708479224431
2521,0.7142123613856417
2522,0.19754979948659004
2524,0.2056272520671841
2525,0.9756626204858786
2528,0.9450850305369729
2531,0.7966332505032591
2532,0.30233974280066045
2533,0.21566690978397815
2536,0.6906362376627094
2538,0.743690635364856
2539,0.1547668287176133
2540,0.4034550469395797
2542,0.7462027966716327
2545,0.8554151103124253
2547,0.18881373583003652
2550,0.9914926153692529
2552,0.22116673922157476
2553,0.39897599475494655
2557,0.7118996167095317
2558,0.15578492534586447
2559,0.9993990430663329
2560,0.15769030850152746
2563,0.9724429791589605
2566,0.9161165917013586
2567,0.6926728874396222
2568,0.7999616458783217
2569,0.7785678224684033
2570,0.36710784165570615
2573,0.3998210191944169
2574,0.3237548069622767
2576,0.9765457250214112
2577,0.16587670416363745
2579,0.17527136516953556
2580,0.9991251436989085
2581,0.48202279937246584
2583,0.6675483555968373
2586,0.9578300341910475
2589,0.9841337678537845
2592,0.5670083043338151
2593,0.7503134929597599
2594,0.9781140127701101
2595,0.4895638738113246
2599,0.6460070557964704
2604,0.1708834307944718
2605,0.9667248748150742
2611,0.8272152166993784
2613,0.703441576112125
2614,0.40280612930535953
2617,0.9923666038211534
2618,0.7412129085888166
2619,0.326964850566834
2626,0.21786555046551137
2627,0.23175632259599896
2629,0.8750577169329671
2630,0.9045286653547782
2631,0.6701677622318929
2632,0.4710505807813527
2636,0.8375119076133876
2639,0.9607343565607002
2640,0.7471384918146131
2641,0.7492274891357631
2642,0.9639767406157805
2643,0.16452233946533665
2645,0.23296431135600226
2646,0.9424940395430783
2648,0.2305457180547739
2653,0.49714453038902423
2656,0.9814188181064466
2658,0.38367441916669304
2659,0.9948965171798159
2660,0.17689006399782006
2661,0.9832404499827467
2663,0.5375940446733765
2664,0.946596573235305
2665,0.9860050352378916
2666,0.9916923642638293
2670,0.8989047107755016
2671,0.2582912202580938
2673,0.2467728259219899
2676,0.6813362972740399
2681,0.9071579890450688
2682,0.7294084291949865
2683,0.7846862832750647
2684,0.03764682351491218
2690,0.9924610332384165
2691,0.7785904457812132
2694,0.011553370445377116
2696,0.40141467559492483
2701,0.9854056502733629
2702,0.8065493993651721
2703,0.915852342800675
2704,0.7297597523651971
2706,0.24430442607472774
2707,0.9735756913685413
2708,0.3770314775388538
2709,0.8570351873364932
2710,0.47385840424854964
2711,0.35528445570916833
2712,0.394704484071793
2713,0.2270520671983028
2717,0.4272419523473105
2719,0.3660549930136853
2720,0.8310803824688244
2721,0.36805214257238716
2722,0.2866435961612474
2725,0.6498784971299407
2726,0.8537107052090868
2728,0.5401216797396411
2730,0.8983425936699846
2732,0.730497813494021
2734,0.7499228065731238
2735,0.7387664902062393
2736,0.6827497828095067
2738,0.578461372367473
2739,0.19445005314312003
2740,0.9814550057789154
2741,0.4846220398309424
2745,0.6286566461099644
2747,0.41221280989631914
2748,0.8157745475016461
2749,0.9987259717507023
2752,0.40065797933006164
2753,0.8443897683948318
2754,0.5999072032273398
2755,0.9899335192236779
2757,0.3586476437093316
2759,0.9354788741468427
2760,0.9266099688893485
2768,0.9238526041889265
2769,0.9868153578779134
2774,0.3285987817081977
2775,0.34299919417575014
2778,0.8993912744777526
2781,0.7985611972065416
2783,0.9971707786244484
2787,0.5693976363874591
2790,0.5158207481245857
2791,0.3664104301225517
2792,0.9700516425328612
2793,0.5971696921665429
2795,0.43653503160560875
2796,0.8915057076480559
2797,0.8236025048525007
2798,0.3830484148075115
2800,0.39618230795262205
2807,0.9849288407752005
2808,0.5150840194091882
2809,0.9238451755166139
2810,0.43470451258894893
2812,0.3523075431644645
2813,0.9961758940089925
2815,0.7134993978782252
2817,0.4201061774791498
2818,0.33517789020508953
2820,0.8929830574112364
2822,0.7205179491041646
2823,0.7939302797723684
2824,0.2887755374810759
2825,0.5473202652300122
2827,0.9443042419594766
2828,0.9022352223974973
2830,0.2526562264373254
2831,0.9065068623793452
2833,0.8068027847486883
2834,0.7949479173544873
2838,0.1323226379387439
2839,0.4096138746050387
2840,0.9563079128154689
2842,0.9742627336161597
2843,0.8152611274495312
2844,0.3322313668976133
2845,0.38808132723947003
2846,0.20681350958345615
2849,0.47969434854300225
2850,0.7748347427599027
2852,0.4464806309220842
2853,0.27995255541671055
2854,0.4862289282659039
2855,0.869592688313798
2857,0.9447122693239579
2859,0.5043761924144453
2861,0.8306820639606829
2862,0.9649085387265554
2864,0.6112889893569937
2869,0.6819568098486464
2870,0.9691106814151016
2871,0.9625307788305268
2876,0.9079262979781295
2877,0.9989210586867272
2878,0.7621893887909021
2880,0.9526615738566004
2882,0.44326503063281664
2884,0.9818404221168993
2886,0.9589168364772356
2888,0.9710669197854238
2889,0.6301317601220013
2891,0.9649496804311449
2892,0.966279688423726
2893,0.9888346186504733
2895,0.28739373558331205
2897,0.8102927676787068
2898,0.9448998845367981
2901,0.6078065875463446
2902,0.8199515911950361
2904,0.8593019693574641
2905,0.9888228195130299
2906,0.2098817809564329
2909,0.2311071824151945
2910,0.6863742477479495
2912,0.8847358786480122
2913,0.45801961310862094
2915,0.7214017640915898
2916,0.2637291544812661
2919,0.44036911162761533
2920,0.7864742460411308
2921,0.48707316150333124
2923,0.413682429208801
2925,0.2563819052894704
2926,0.35831699230788056
2927,0.9942785377848578
2929,0.8620602173537345
2932,0.5440412417643842
2933,0.9680665700845561
2937,0.7413102573145619
2938,0.9927707400879745
2939,0.963294573832685
2940,0.4741989739777644
2942,0.9831800764859054
2943,0.9232508550010973
2945,0.5192495578479372
2946,0.9896559201600119
2951,0.5134932821723455
2954,0.9544478536912007
2956,0.17963760662554978
2960,0.3524526263527264
2962,0.509312990328505
2963,0.37360708199334636
2965,0.8105926257941327
2966,0.4946738648570837
2968,0.7744242870389537
2972,0.43380320416348067
2973,0.9618486888621789
2976,0.6090907009222785
2977,0.4420439618103254
2978,0.5600132682477853
2980,0.89283290025299
2982,0.40083629155095607
2987,0.9302661811914693
2989,0.997509633272258
2991,0.8352031581222826
2993,0.9247841831808375
2995,0.7820711100812916
2996,0.7610932032895995
2998,0.9993929635996303
3000,0.6008403316646673
3002,0.8475438548246718
3003,0.9692506359859354
3004,0.9864235666952984
3005,0.8616677441754086
3006,0.3382474969831359
3011,0.399100111763135
3013,0.41209041101948624
3014,0.941156655677933
3018,0.9752420951661472
3019,0.9926027534641716
3020,0.8830981165467243
3021,0.7406303854164469
3022,0.4567555527350966
3024,0.7003221017457795
3025,0.55840539720072
3027,0.7926286161566972
3028,0.6850866447442201
3030,0.9438367945333225
3037,0.8786475079945463
3038,0.725987696392794
3040,0.33625020522146387
3041,0.9992082688357216
3042,0.32996736379220193
3043,0.2361798238741712
3046,0.9945013356138764
3047,0.87546987063413
3050,0.8300589707617793
3052,0.7231376249522271
3053,0.18099305151781458
3054,0.7900975016628125
3055,0.29296582076546734
3056,0.716737411918764
3058,0.11347079685729375
3059,0.24708853913511503
3060,0.9980987025959779
3061,0.8937607524920056
3062,0.9798837627664931
3063,0.9359487658855651
3064,0.9957370670122697
3065,0.1886817702948945
3066,0.4376149013661359
3068,0.4531732491283364
3069,0.25399599061106065
3071,0.7141923179953952
3074,0.9920730384775286
3077,0.5629226214697273
3078,0.8704084968297253
3080,0.8733411735344462
3081,0.6208722327126479
3085,0.24146971000941866
3087,0.9911647349780739
3093,0.8559772016438875
3094,0.7089541523707554
3100,0.3949477344597169
3105,0.33751725578365205
3106,0.9943556579454175
3109,0.6267006624192919
3111,0.7968640432953608
3113,0.9811690670458525
3116,0.3284103414904235
3118,0.9952359463080125
3119,0.23772660945790788
3120,0.06303978218936569
3125,0.8268408415143261
3126,0.6170388678303653
3128,0.3434601041147529
3135,0.999845110851123
3136,0.915727144084102
3138,0.8647571936014374
3140,0.8035965798460055
3143,0.4045585265120594
3145,0.7929473182163009
3147,0.6613322527453747
3151,0.9958699292135129
3152,0.7437756431804423
3153,0.6527881235968036
3154,0.7080895573536539
3158,0.43935807730584153
3159,0.7220780475932144
3160,0.6972839603899412
3163,0.37412181711404646
3165,0.9918706342490761
3167,0.41024010185803744
3169,0.8177788461479945
3172,0.5416631513543716
3173,0.7833340350670407
3174,0.9308206986128053
3175,0.9578146528480518
3177,0.7897172247551507
3184,0.9804143187698464
3185,0.8046540640560481
3186,0.8887457252154277
3187,0.6684535017536416
3189,0.9670053742456808
3190,0.6542959934859137
3191,0.7198784738746639
3192,0.7093720980165156
3193,0.8906872947078494
3194,0.20972897267522925
3196,0.9719138453224364
3197,0.9832802254381141
3198,0.9829946232708392
3201,0.823122072731721
3203,0.15766839032798302
3205,0.5774697180280426
3207,0.5855826077034287
3208,0.8918214856137803
3215,0.6895122743463076
3216,0.9567574258249887
3217,0.48796312500304356
3218,0.9963629840132153
3220,0.9527216707589926
3224,0.5513912913835789
3228,0.9929115533065934
3231,0.7470608176798158
3232,0.3311193270407037
3234,0.9982479002309275
3239,0.7371581602157076
3242,0.9832205150753873
3246,0.08759390132024274
3247,0.159282901394114
3249,0.3814157484866839
3251,0.9884689660851906
3257,0.747016266126877
3259,0.5810427526634397
3260,0.8577143221414937
3261,0.804541737193969
3263,0.8086907978033031
3265,0.4645915448173022
3266,0.8042266114956385
3267,0.8404463001336588
3269,0.9964912625076661
3270,0.7457747706493603
3273,0.9936376734645144
3278,0.9588454180960885
3284,0.6690962398794648
3285,0.19390676325619582
3287,0.3452693015196617
3288,0.8752553902809602
3291,0.26209525467239486
3294,0.896096509065729
3295,0.2075665608079338
3297,0.20927224052263466
3299,0.4858118038311811
3302,0.7760944307046018
3305,0.9971894004445283
3308,0.9874288806108674
3309,0.5809789475621792
3310,0.6025758309860219
3311,0.27961406786806225
3312,0.2536463449557326
3313,0.9909366147812002
3314,0.383222387628587
3315,0.3928395591785549
3316,0.980460627924781
3318,0.3777950572605745
3319,0.9940822593012668
3320,0.6696448056204021
3322,0.9712138770988231
3323,0.9846192246169208
3326,0.8654986756753745
3329,0.9005443008614719
3330,0.045503686239676364
3331,0.9087410409693135
3333,0.8565189237474521
3335,0.9798903270279168
3336,0.9601324009235913
3339,0.21797083607374904
3341,0.9952079835148104
3343,0.9283768050529798
3344,0.6719370399923137
3345,0.22446687845419722
3347,0.9713766596023957
3348,0.28302941383503355
3352,0.9721819891359793
3353,0.5079121481544487
3355,0.45609277512112295
3356,0.7654515762278972
3357,0.9905125847104941
3362,0.9364258617984761
3365,0.5751969215218417
3368,0.9001685959599385
3369,0.5499502779928388
3373,0.37739705993593525
3374,0.5720609266189951
3376,0.9832749275484
3378,0.8749207982998034
3379,0.9941533113609815
3380,0.6844804189731335
3381,0.7825682244399353
3382,0.9849047203099658
3383,0.9878257557079482
3385,0.8069355045431836
3387,0.6542408630715644
3391,0.47457184341346054
3393,0.2614263314649325
3394,0.9984540927876414
3397,0.958643224585262
3399,0.9840098810007114
3400,0.6903900527946462
3405,0.4411649429124639
3406,0.9997008315521586
