2,0.20592896782545747
3,0.15862714103544787
4,0.2100049421271116
5,0.3876349936126403
6,0.33241192214590937
7,0.23317469891483222
10,0.18908717222108531
11,0.3138874957831953
12,0.01481214836899238
16,0.26732860464938324
17,0.2719466712575371
20,0.34993031030687305
21,0.21211484736431124
22,0.2302534269814642
25,0.23263503886360828
28,0.1768950013999762
29,0.15581432227384526
35,0.30749029167425346
36,0.2911830939848981
37,0.2400386510030603
38,0.22155088990665775
39,0.17514420631433794
40,0.21097780953053427
41,0.33613401010643007
43,0.17112463004501877
47,0.48409709880163093
48,0.243671465362166
51,0.15328907198451358
54,0.21896942345663467
55,0.17488950955424415
56,0.17881779032254527
61,0.33429516781697977
62,0.29067403179691315
63,0.1665498087237409
65,0.21318046178335118
67,0.1757478151099695
69,0.19048064411719703
75,0.41016767784971714
76,0.16419283961103132
78,0.2908848734566261
79,0.341888267444393
80,0.26478184560065626
82,0.1743828805952367
83,0.2778876300569311
84,0.21288032776077936
90,0.4612689955514858
91,0.34831306046991317
92,0.17554881609762604
93,0.24233088348431556
95,0.18257588802731556
96,0.1834973974659576
98,0.17114710817274434
99,0.43474234602132067
102,0.2164867991634411
104,0.3543992521405193
107,0.23308801040084806
108,0.16814808249123794
111,0.19871443986037926
113,0.20919295367698187
115,0.16904715949639987
117,0.401811116263344
118,0.41841043501079817
120,0.21535217540351054
123,0.23086640729145236
126,0.34295534240071507
127,0.271705559607956
128,0.34703571080522
130,0.5039101798818317
131,0.510701616318783
132,0.18035699799488325
133,0.20909792343598968
134,0.18736202819041217
137,0.28790541205918574
138,0.5629253634716445
139,0.2122893354019671
144,0.421737642221653
146,0.2079626751825786
147,0.26027441269074947
148,0.1781287865345021
149,0.1850917502622567
154,0.23873703599912602
155,0.4416147559739917
157,0.16167822161849527
160,0.49827019947981693
161,0.270280935102076
162,0.30359131855074045
165,0.18391085363730264
166,0.18939401589272087
168,0.1820822543695288
170,0.2184823527257774
172,0.17589232264764168
173,0.16657233026946716
181,0.15349781030686396
182,0.3951057794458649
183,0.39540505402649817
187,0.4000746221384966
190,0.17992845059529952
191,0.2149978220680244
192,0.2194345777832674
194,0.313324738802988
198,0.23433140664404767
201,0.2800799068094227
202,0.18978020194624579
203,0.23182149471385857
205,0.15966861482360564
207,0.6559063573345663
208,0.15682630025974637
210,0.2911477594806666
216,0.2552717125910756
217,0.17138121059158554
218,0.3057085103287415
224,0.20588480721026564
225,0.26745693934103465
226,0.2525110736776519
229,0.4874117653473274
233,0.5501061534677855
235,0.2737956684787799
236,0.2164431246883404
237,0.2717389457616259
242,0.22397823679177323
243,0.22691897729284916
245,0.2550677232426012
246,0.17836586851243227
249,0.5201781615793661
250,0.3146898232889877
251,0.37848757154253465
254,0.17141473093835738
256,0.16372263539262447
259,0.2441461461032462
261,0.9902206458153847
263,0.17922677060706574
265,0.15751347885454578
266,0.7288892546631494
268,0.19897908852059085
269,0.40207785080047587
272,0.4162094637357988
278,0.2183682420237469
281,0.179711705812502
285,0.25162653199409657
286,0.27259052488447977
293,0.15773494561973744
294,0.2655499011001739
295,0.16190949847029276
302,0.23294849641747867
303,0.5077581430904199
306,0.2470570705984856
311,0.33178581422478065
313,0.16996123367894686
318,0.34743539485086317
320,0.28096495538358657
321,0.27095330992976024
324,0.16809310469989366
327,0.26188333931530455
328,0.17146276714141137
329,0.04951449810145434
330,0.2236280383873051
331,0.20976096945722786
334,0.22504240460596195
335,0.16304829235002438
336,0.2671600245685081
337,0.174667876558692
338,0.8980824355702
339,0.1866417034414416
340,0.3192494207441303
342,0.17392929496174117
346,0.15758063876082531
349,0.3741200130828493
353,0.5530753189168726
356,0.1942771374743105
357,0.18854518655835092
358,0.15879145430268946
360,0.22099351464600223
363,0.23441431096844367
364,0.170660472302347
365,0.250555861369688
370,0.33195678074593826
373,0.2723123815360778
374,0.17947363286066043
376,0.25211492818168363
377,0.3854065775876457
379,0.32430583556279535
380,0.1810338013195735
381,0.16555276599532306
385,0.22812571113851496
386,0.6137629836641812
389,0.16886811835536425
390,0.18070852508069313
391,0.17236461137661685
392,0.15788768716990917
393,0.3487212034534109
396,0.2461286333105702
397,0.2704071115812052
398,0.16255594896341988
399,0.3852907383037842
400,0.19742280149258953
401,0.18485731281022746
402,0.17250193773418565
404,0.26721514753266395
405,0.3721551568362738
406,0.4021248702027997
413,0.18438662529448538
414,0.16231571881023996
418,0.23436276487304455
419,0.18910453270671618
420,0.16401188964346727
422,0.2294219791214606
426,0.21811773166551995
429,0.16407975551295192
430,0.1720464678803311
432,0.2303465475797199
435,0.26279974228475467
438,0.557898856711792
442,0.1665699711052858
447,0.3771704665612113
448,0.21529120862644266
449,0.3748897824755697
452,0.22132204580440906
453,0.7007211515075314
454,0.1704803990439074
455,0.4094823040247539
456,0.214297288359611
459,0.24281756804668164
460,0.2747081201771637
467,0.2943770775268139
468,0.30186622648239686
470,0.23522792026781092
471,0.34644852741708204
474,0.3791994436115374
475,0.22167313423338658
476,0.16565623787176914
477,0.2605903372262862
478,0.19981510699704705
482,0.22232024639607817
484,0.1787627696514405
485,0.16910974512205823
488,0.2238978339805158
489,0.38407379026826527
492,0.9831601835269542
493,0.22262701015420294
497,0.2372406309548231
500,0.43358423206649516
503,0.4417945461840495
505,0.17577933584484337
506,0.1950310721793948
511,0.2530582740417492
513,0.20944786115249664
514,0.5521120983435754
516,0.2369691150818409
517,0.4600518946222647
518,0.4569093721303049
521,0.2114875571790501
524,0.17736950935550727
525,0.3661824409679398
526,0.17768708269202824
532,0.279032517790367
535,0.024580183538503022
537,0.5097531140590142
538,0.1751683580091772
540,0.23477704749711512
541,0.20326291308781486
542,0.1842801629400622
546,0.20847786530145895
547,0.42859825984654965
551,0.19993248084798854
557,0.2599186791982762
559,0.3449955815813546
560,0.655320299377621
563,0.8255315134964362
564,0.1768215351708025
567,0.18008211357370307
570,0.19100974270966398
571,0.305960339131237
572,0.1554112169071717
575,0.2282690380542446
577,0.17223268478531592
578,0.2796324516893284
580,0.5817864214135027
581,0.21716101955244974
585,0.3707908786063034
586,0.29268831334145085
587,0.9038365302580034
588,0.41334794468257474
589,0.7444716712503021
593,0.2423939754998539
596,0.173383637603059
601,0.34817003431426063
604,0.41898690540565653
607,0.2309709950893208
609,0.29202418040616973
610,0.30065719417597747
615,0.35072101296915287
616,0.3897836573961272
617,0.3176870340636483
623,0.27002536460780285
624,0.32933570805290974
625,0.33463473432380375
626,0.25710271679489727
628,0.25592534774255526
629,0.48951160662588866
634,0.25666069843500156
635,0.39113905662862114
636,0.2323700974436859
639,0.22620162230809188
640,0.3551966904409304
641,0.6626553610617317
642,0.22660716034488748
646,0.29421444118137813
647,0.3365865023343324
649,0.18501200515574737
653,0.4689125646594388
654,0.4116031897826519
657,0.2976922302855474
659,0.3965284168225466
660,0.3877450510933667
662,0.26968394706327303
664,0.2294599854419209
667,0.2666705370243089
668,0.28146488192537944
672,0.21706912250946842
674,0.2666739319916718
675,0.4898518545831953
676,0.3244256895362444
682,0.16810366163662704
684,0.3345448734167794
685,0.3475975761153963
687,0.19615008503845388
689,0.45026703449234107
690,0.309290270660813
693,0.4673775806166722
697,0.3711393198564084
698,0.23748993124613127
699,0.442479156807891
700,0.18955308517873187
702,0.20014615467036695
703,0.21508089441155603
704,0.3568669854550657
705,0.5188921177598881
707,0.34349677076599366
709,0.27266105247297123
710,0.19926057685784443
711,0.17878493740490864
712,0.2046785633652855
714,0.3347318447479258
716,0.6448365988680143
717,0.19615075773049068
718,0.44039769484737223
723,0.23095527894628015
724,0.22134369924710467
725,0.15977405574122147
726,0.5104202010652157
727,0.5157693403915705
729,0.17414844252689454
731,0.18985402671181217
733,0.1832840223059296
736,0.3213107717047695
738,0.2291085328400752
739,0.3932834697288892
740,0.4054270081168224
741,0.4174609769259863
746,0.3942082514116943
748,0.42370406366114416
751,0.7128406213443064
753,0.15689371817017225
754,0.33249424021815954
758,0.27653417459020485
759,0.1746906858920185
761,0.2008585046602518
763,0.20469827726513595
764,0.8611313498253564
767,0.15774305274815223
769,0.24192283694180186
770,0.17923602288348556
771,0.3996386585605363
772,0.25496561824362324
774,0.37973432282457603
775,0.19696032956670168
776,0.17967832915110263
778,0.9467134439363043
780,0.49934463830401205
781,0.2600794806987811
785,0.4379624738812684
792,0.18760236256167917
793,0.4385173845044313
794,0.48423260886002467
796,0.1903743391432878
797,0.5001072411906174
798,0.5570984475738052
800,0.26803273741542766
805,0.15564957259460194
807,0.24016907394645748
814,0.35548171221575636
815,0.5484740484415864
816,0.788189021780306
817,0.38925622134755306
821,0.25398504532855465
823,0.3147418888259368
824,0.32547663854468933
825,0.17978394436514425
826,0.17983554295175178
827,0.2688727028682232
828,0.2366599718702522
829,0.3614735643924748
831,0.20755642509369873
833,0.18139791819337306
834,0.32790998576936836
836,0.8780231155672245
838,0.37026693953623496
847,0.39928011703381694
849,0.38262955729429543
850,0.5059902903554445
851,0.519602853245529
852,0.17936841617823618
853,0.2182354021367917
854,0.3910319088812996
855,0.4965936239390885
856,0.9529999685209818
861,0.43695064678316076
864,0.1861191409385496
866,0.200367039566283
869,0.3574604731787754
871,0.702970750171704
873,0.24001753212599167
876,0.18019014188944207
877,0.7135333300287025
878,0.36263268355833617
879,0.42741849917305724
881,0.4232776036760035
883,0.7246374666090332
884,0.25619980898345684
885,0.35138665033147387
886,0.9176482287259028
887,0.2629752741029251
893,0.5132727916996918
895,0.645526709852584
896,0.431294000044737
897,0.5099830918395091
900,0.40081413868384397
902,0.2245938218784213
905,0.2125685606991573
907,0.17475228721509337
910,0.3669647324592056
914,0.44732363423920657
915,0.2382374924462659
916,0.6977836166070499
918,0.2634200626651888
919,0.8857439375188674
920,0.18104264917686938
921,0.35013093322090494
923,0.23187564631350868
925,0.8655736397075432
926,0.9747593346042193
929,0.3403728335815394
934,0.2426521347303582
935,0.3723397931712428
936,0.22166698444992708
937,0.7683037374251113
939,0.4913101126880374
944,0.2863121374737116
947,0.343633423464159
948,0.8208215775896928
949,0.3373344613068289
951,0.9391569879777174
952,0.25754193322232544
954,0.2912853206340074
955,0.25124395639511676
956,0.41279403007549925
957,0.20373688110011376
958,0.23359573189826585
960,0.42188728963689326
961,0.42506733506737326
964,0.2046286829445238
967,0.2383353455329646
968,0.3545333296402828
972,0.3434041546850588
973,0.41871766181654474
974,0.03979088547349893
975,0.15741642332991118
976,0.23975098316158994
978,0.6986512827240944
981,0.39092647771720634
984,0.3689673787749985
985,0.8527885252036584
988,0.3668297512124112
989,0.33208460803235373
990,0.1730000974769499
992,0.19963510456389907
993,0.4280353627453729
994,0.21136657416848065
996,0.37640385069300447
997,0.21331640157188894
1003,0.37852318583712113
1008,0.33281680097128696
1009,0.5058790507107644
1013,0.17945644887736578
1014,0.3184253203423386
1016,0.1621391124259672
1017,0.16946667023467246
1020,0.21237304519524328
1021,0.956579230696975
1022,0.24510592802323689
1027,0.21190329847700654
1029,0.32223885255436424
1031,0.3773450537327552
1032,0.46327192235325176
1036,0.16682216277799614
1039,0.48052477024069096
1040,0.8444427224695839
1041,0.16554661004563462
1044,0.6851740925707938
1046,0.2222568612362376
1047,0.3905706839854146
1050,0.32444848629573236
1052,0.3400366745904067
1055,0.6619993323851378
1057,0.5118519364233233
1060,0.2330348414272389
1061,0.7716123788038791
1063,0.18003087597826992
1064,0.25921480461852775
1066,0.4076928731064989
1067,0.26394624080132484
1070,0.8628340186875387
1071,0.3015212389952921
1077,0.9348651316457206
1078,0.22127035858525934
1080,0.3418067816362655
1082,0.301660744068585
1083,0.359686024074568
1084,0.7132080292719389
1086,0.30697922709748904
1087,0.21174256022907795
1093,0.25184565450484775
1096,0.28325558345747637
1099,0.4664512475451955
1102,0.2788257787908707
1108,0.7635485815895189
1112,0.4062564295327239
1113,0.5764453122812037
1116,0.9468104340574793
1119,0.45075262371236136
1120,0.18493409261383553
1121,0.6158865996212846
1122,0.5009275777651881
1123,0.2572228696049254
1127,0.22596609544806384
1130,0.7916331991397458
1131,0.23461255617590937
1132,0.24594260006785676
1137,0.408229024045897
1138,0.7798399677442188
1140,0.16235833406285116
1141,0.4786922173547876
1142,0.3644418808023557
1144,0.44550742656476866
1145,0.8197393430556972
1146,0.8383999800937829
1148,0.7762943682729085
1149,0.48175739876429063
1151,0.5116351162402697
1153,0.5788376794452449
1154,0.8502449117209466
1155,0.8703650669797496
1156,0.30035461879824044
1157,0.342616965358045
1159,0.30389304551772967
1161,0.24635741885311518
1163,0.7220341178899028
1164,0.2953155818962397
1166,0.9004617009638827
1167,0.8696950220737883
1168,0.47403806399687387
1169,0.8515011340879429
1170,0.3403185040387141
1171,0.7432003923058902
1173,0.2216949533725168
1177,0.3435993279612389
1181,0.15728700733876438
1183,0.26163066040413374
1184,0.2710164042434606
1185,0.21024074486776945
1186,0.357096953160908
1187,0.7681728715913134
1192,0.1648259950421665
1194,0.34048563992279907
1195,0.2997210238851102
1198,0.28775710965364837
1200,0.6688770913119211
1202,0.6504701200848233
1203,0.9006128416639233
1204,0.027419222847732475
1206,0.48384571006066884
1210,0.2903348243027286
1213,0.46926628964407374
1215,0.5987435546012282
1216,0.6554102070926646
1218,0.26386995007139263
1219,0.43994866259437965
1220,0.23019861068234615
1224,0.436662225804676
1225,0.770296910923859
1228,0.9747895197447175
1239,0.2922859446163554
1241,0.20385051828676023
1244,0.5828008817440588
1246,0.28720938359862924
1247,0.33399394086933315
1248,0.3730118626448133
1249,0.40807889767074834
1250,0.4024475006980186
1251,0.7191509789608546
1253,0.3830761490891458
1255,0.2812996004277556
1257,0.2813278987616632
1258,0.2870104945828307
1263,0.3405675062113939
1266,0.329886536678725
1267,0.4589601486441053
1268,0.362757375237472
1275,0.3385957702359754
1276,0.5240530214309697
1277,0.6715046604366826
1278,0.7960315004098408
1280,0.4105041052274961
1281,0.46980836184089064
1282,0.6852955356141305
1283,0.3866324164647782
1285,0.8446098675784214
1286,0.20930575680137262
1288,0.2830690209474123
1291,0.4769375559451792
1292,0.9339281925360741
1294,0.4174521324790428
1295,0.3334536701099366
1297,0.9842737301090295
1298,0.5187793004961795
1301,0.2936159704031539
1302,0.26602020413775257
1304,0.4047094845461078
1305,0.3008973075350858
1306,0.15949926856779373
1307,0.43237115832573525
1309,0.5581776684605422
1312,0.5362695610229934
1313,0.9926404363737169
1315,0.3386526494278992
1319,0.4041171776107609
1320,0.6133663637968048
1325,0.38650159727730177
1326,0.33799687238936627
1328,0.4790720377011193
1330,0.34567097116439344
1332,0.2742135913146921
1333,0.2974864248534743
1334,0.2974947769850199
1336,0.5563316584668132
1340,0.15576830459299032
1342,0.6465975769156611
1343,0.8240413455538831
1347,0.1918311333365489
1348,0.9866615076592959
1349,0.3550843149806419
1350,0.9696432991115205
1354,0.39104652360561337
1355,0.2491501938767233
1356,0.16448411745175825
1359,0.8850972482747849
1364,0.29949228515483134
1366,0.5899270948970207
1368,0.9778372241137615
1369,0.39228589869808983
1370,0.1925316086921599
1372,0.11556840202709238
1373,0.2651784670407171
1380,0.3497403175992516
1381,0.15724458614830897
1383,0.2897027624069469
1384,0.21908322786218032
1385,0.5056135536804646
1387,0.7812436338435094
1388,0.19168443890271725
1389,0.27821077957787327
1390,0.5581101059574403
1391,0.3638977088439417
1395,0.9575321759327816
1397,0.20438138899563016
1401,0.44348830964833236
1402,0.8611796404335299
1404,0.20471123389455426
1406,0.17628915937185635
1409,0.2720090398177612
1410,0.1631778417654542
1411,0.46662622063676323
1416,0.7374387304762907
1417,0.6163111814053782
1418,0.8322765977083316
1419,0.6810046097371812
1429,0.19821277816091312
1431,0.4374470858443712
1434,0.8837821707338883
1435,0.8676816734936966
1436,0.17226162634207862
1439,0.9838568995269821
1440,0.4493195381601311
1441,0.554019904548473
1444,0.8418643328724897
1446,0.35381105689994535
1450,0.27147747216679363
1453,0.8476327749091567
1454,0.9295270743039727
1459,0.15523252858291278
1461,0.2033359281363889
1464,0.5159163669206415
1465,0.4313770599448029
1467,0.260555888693045
1470,0.4658738186138352
1471,0.5046639651015523
1472,0.44221954167213884
1474,0.8875514966421828
1477,0.9691094179037418
1479,0.49117665476690453
1480,0.524320712422671
1482,0.1757820531826681
1483,0.7909904108137544
1485,0.20041560516564705
1486,0.7081295639263941
1487,0.7535787594878555
1490,0.6263366777431997
1493,0.14455484709230576
1494,0.30956662112970706
1496,0.6211680728684168
1497,0.9444872706978515
1501,0.6789708582663471
1505,0.4602664617152398
1506,0.8693271906661387
1509,0.16193651439482645
1513,0.3854419256361445
1514,0.3047103122417636
1516,0.46917822982953555
1517,0.16057484057010551
1520,0.4363677926104413
1521,0.21759971484528784
1522,0.9237989303613745
1523,0.8342025594669178
1524,0.328221370369118
1525,0.159927115932697
1527,0.17378408857084462
1528,0.947897985734065
1529,0.9589097239935814
1530,0.7538938342166176
1531,0.6055624765299333
1532,0.6449291004086034
1535,0.38588239216864517
1541,0.42232737063271986
1542,0.40215290340102144
1543,0.3396084574353111
1545,0.49153477154008834
1548,0.5096009752081148
1549,0.47009296804558093
1550,0.2243541994146208
1551,0.732611246762671
1556,0.42951127892075447
1561,0.6702725855212841
1562,0.4098190019803446
1563,0.4945800328956658
1565,0.37263433734637963
1569,0.6978124315447304
1571,0.16003252977773208
1572,0.3868960009132887
1574,0.36315958948657606
1575,0.2600385871296382
1580,0.9692921995275479
1582,0.9468153675261073
1586,0.9890447458823983
1590,0.1959784010835805
1592,0.543638713027578
1595,0.20254950336565394
1596,0.8925428330828097
1597,0.1890186538213272
1598,0.37614851730845844
1599,0.9415465851876121
1600,0.34409305906560583
1604,0.2982786629204472
1605,0.7754935482972329
1606,0.521432707981575
1608,0.9229341517615792
1618,0.9587548024171819
1620,0.7258728492390613
1623,0.2133183942261842
1626,0.4290306455583802
1628,0.40142565193926544
1629,0.6832548704522011
1630,0.46493064921454974
1631,0.24399535658513236
1632,0.9896075029213908
1634,0.9333441762398912
1635,0.44176916115105463
1636,0.607102477180103
1637,0.2633628611877876
1639,0.5548010258507379
1640,0.3843798898177607
1641,0.1212937922302565
1644,0.8609107444629372
1646,0.5974524701003691
1647,0.19286609190955795
1649,0.35149381356494835
1650,0.2070088277773
1655,0.16691134218846454
1659,0.9626768522912229
1662,0.026200773085892765
1664,0.3595399402492838
1665,0.2107494233986917
1669,0.3725279267326863
1670,0.6378085162625134
1673,0.7125062265479143
1674,0.2558710797888002
1677,0.35541960308259873
1679,0.29709974677777434
1680,0.9292013937774228
1681,0.39727002118969956
1683,0.19219202396150958
1684,0.22867332758161538
1686,0.349876283719493
1687,0.36097549661946254
1688,0.5044971554964532
1689,0.9642959900731646
1691,0.3710017881076754
1693,0.16382690575686967
1694,0.9807162988293813
1696,0.9567285943197271
1697,0.44014362714018657
1699,0.8875120089778229
1700,0.23485830718585435
1701,0.37997747741022037
1702,0.3270478160142956
1705,0.47723346881808126
1706,0.38704096311566366
1708,0.34516097598818823
1709,0.17793797873159584
1711,0.2088099782715048
1712,0.4576763128028012
1713,0.428479528998926
1716,0.39989675713744227
1717,0.21121334730961655
1720,0.8264903880094443
1723,0.4654836334535236
1725,0.9153222756609081
1731,0.44319124434673635
1734,0.3732689096622869
1735,0.30785743778037034
1741,0.24954233794709912
1742,0.9501645483258059
1751,0.620083506873936
1752,0.3273152296652484
1753,0.2769063318948491
1754,0.41480259414523446
1756,0.3260367994931729
1758,0.8817385817929114
1759,0.40629590902009716
1760,0.35642240207119275
1762,0.1986630668454914
1763,0.9608041585523363
1764,0.2119279266452877
1769,0.23297917410083224
1771,0.49601803532374006
1772,0.4177580444653691
1773,0.2281408461784315
1774,0.37756368766665965
1775,0.16654085814463102
1777,0.47659971136790846
1782,0.9946082060530661
1783,0.8377816748283465
1786,0.9226359034405525
1788,0.7409316217500205
1791,0.5847058976761554
1793,0.43760712796789536
1795,0.408771165252631
1797,0.9831363793620879
1798,0.9660632008540535
1800,0.8993245860750846
1803,0.34637352437776925
1804,0.691538454380365
1805,0.20031415646575115
1807,0.6944164051937152
1811,0.3069394845431181
1817,0.8792293116076151
1818,0.8680455939930437
1820,0.3639999883711187
1822,0.44841360133956315
1824,0.42141775970312373
1825,0.9164544968452849
1828,0.7486909273961434
1829,0.19876800665037034
1833,0.24713717778028504
1835,0.2820646931550478
1837,0.3317378328460929
1839,0.17430219322809704
1842,0.22855772287522552
1844,0.2753378653790998
1846,0.182580735444571
1849,0.4251018948249914
1852,0.4227539302094182
1853,0.006969780187149455
1854,0.9118235776573963
1855,0.3984492183827022
1856,0.3639260378870664
1857,0.42574286504741643
1858,0.46138949938085216
1859,0.16009349653091734
1860,0.7522584057451359
1864,0.3553095311041869
1865,0.33204015064216846
1866,0.7474858375136114
1869,0.3291331446245726
1871,0.15809571403070075
1876,0.4146074529513908
1880,0.9188023848181806
1882,0.3524315428230506
1885,0.18942919317369827
1888,0.3386114824473971
1889,0.2553499517105734
1890,0.38781715782830606
1891,0.8341832665623071
1893,0.41262447802811353
1894,0.43176372419649484
1895,0.15981084851145647
1896,0.3657533627974518
1898,0.18617134591167123
1900,0.6881419996525482
1901,0.4505209523759331
1902,0.6248484797610908
1904,0.811906401284077
1907,0.4887985547793081
1909,0.6598398302387881
1912,0.28565746763978084
1913,0.40602920580154317
1914,0.8639038493322577
1915,0.85501861263409
1918,0.6395009222133636
1919,0.215089547873315
1920,0.3413108550641441
1921,0.524106595097828
1924,0.2233237497052179
1926,0.9645323717846424
1929,0.2010685505437963
1931,0.6519330074036342
1932,0.5873401983415756
1933,0.36976602492939803
1935,0.4211846752417387
1936,0.7500813519505742
1937,0.8730411566552807
1940,0.1579280904722715
1941,0.2108777244956096
1943,0.5417552305272763
1944,0.1821315890668276
1945,0.994279888832407
1947,0.44590558754204973
1951,0.5516476530927543
1953,0.5139792400133338
1956,0.9820539623401712
1959,0.16866538454576757
1960,0.5142744581192557
1969,0.44436488529296764
1970,0.4947131702936894
1971,0.8736261309028132
1975,0.0706247384502418
1976,0.3629466463831957
1977,0.5924305624390285
1980,0.20352097787629567
1981,0.7225203787955046
1982,0.341598423143198
1983,0.9847562509510239
1985,0.6959032018911574
1986,0.8565373391034266
1987,0.8121616547295909
1990,0.34712146958154544
1991,0.5009480988394097
1993,0.9645905851736207
1995,0.9815905881109326
1997,0.9774089240385777
1998,0.5125282708773454
1999,0.8461830519627759
2001,0.779309368784641
2002,0.37587863672513433
2003,0.18709086124275986
2007,0.430291495106436
2008,0.6634456560914861
2010,0.7081861993565153
2014,0.15745927747726937
2017,0.5978807610654766
2018,0.9269538354738599
2021,0.3426248963109046
2022,0.3465681538743533
2027,0.6072317937316626
2028,0.2217190166746456
2033,0.24066833977354415
2034,0.4388916162593176
2036,0.4828487969511598
2037,0.7283291915884692
2039,0.44246642100316336
2040,0.28825957698087895
2041,0.22680113244395095
2042,0.17172208019717417
2043,0.1857107134248708
2047,0.9243252759131196
2048,0.4570936250236797
2049,0.2171289845732491
2050,0.3315095929068466
2052,0.9376167040315548
2053,0.7927018552321199
2055,0.9552061114514433
2056,0.7162832951845874
2057,0.5424954562794704
2059,0.28867697173331175
2061,0.18965396473042934
2062,0.31506775637816603
2063,0.5067995831177632
2066,0.8645224499593903
2069,0.3208211323829895
2071,0.9763738852495017
2073,0.0399431097054175
2075,0.9843479539118213
2076,0.2986874219154849
2077,0.40648490528596265
2080,0.4844610634207307
2082,0.8469804546401191
2083,0.9544470510719582
2086,0.6656303122791486
2089,0.7399341277517641
2090,0.35579713140853164
2091,0.7702826225466674
2094,0.6362691821677589
2095,0.4905109186060288
2096,0.824178456693444
2101,0.9697709882424942
2102,0.3824660736374123
2106,0.37685596101133906
2107,0.9189958590594384
2110,0.3962467892619173
2113,0.8986450741504259
2114,0.16420369298786067
2117,0.8968936375903969
2118,0.17609232818982523
2119,0.4289002918188358
2121,0.985752036198964
2122,0.233693707726758
2123,0.6971362572623913
2126,0.556240534899585
2128,0.8717353539900371
2129,0.8910410652631793
2132,0.7510984050817506
2134,0.32793398502257615
2135,0.2477246485388626
2136,0.5092967545610828
2137,0.49420785928086947
2138,0.2338730412337246
2139,0.9775345650716205
2140,0.29633186440832404
2141,0.749573861913391
2142,0.40278579644290463
2143,0.4073642185121022
2144,0.9773198683949399
2145,0.4944972499487046
2146,0.6196215194925446
2147,0.3367234871592891
2151,0.7399657151861578
2152,0.8796128491949176
2153,0.3201459347035987
2157,0.11029101699606164
2159,0.5959759048565078
2160,0.5124069732184343
2161,0.6415307781425793
2162,0.4992686157666402
2166,0.7339127541355163
2168,0.9965065809952605
2170,0.33977396051312175
2171,0.308917525927441
2174,0.6534732606762804
2181,0.25828450362201416
2183,0.33349233388420696
2185,0.6900813035920008
2188,0.4007442324651432
2189,0.9815307410128024
2191,0.819016797366384
2192,0.9209604190375804
2193,0.35055244009584996
2194,0.8949755472896126
2195,0.20888844884031266
2198,0.6467214569643619
2199,0.40636999278135044
2200,0.5618618346995375
2201,0.028932743136724736
2202,0.9316128746413174
2204,0.9117070360086929
2205,0.5044501327783506
2206,0.3807574077997745
2208,0.5141616670730829
2210,0.2119278843456222
2212,0.5648443722936398
2215,0.9947605408307412
2218,0.7942462845780492
2220,0.9369729841088348
2221,0.8253494849482603
2225,0.9924620704846603
2226,0.3386743386357135
2232,0.5068585229781967
2235,0.38202440427051154
2236,0.611294664635874
2238,0.3585229015386426
2240,0.987013970567528
2242,0.4738160143718073
2243,0.9908835125918182
2244,0.3278346396024691
2245,0.34055663731603547
2248,0.6788338126399577
2249,0.46510294720896267
2251,0.2845806566372717
2254,0.8194726555570481
2255,0.3747548824059947
2256,0.19312026448980418
2259,0.24899679861447183
2260,0.9241514347229662
2262,0.20730179947781718
2264,0.9849792506653046
2265,0.9366461550640526
2266,0.17026227927164442
2267,0.4154939520548169
2268,0.6662953772824749
2269,0.8430118482125115
2270,0.36097222674462676
2271,0.36576173806033885
2276,0.412251577732938
2278,0.9119126797925141
2279,0.7406554575032639
2281,0.6367398158929614
2282,0.36864331878617973
2285,0.4155274485007621
2287,0.9559340250034132
2289,0.8106143188239598
2291,0.8310329915980327
2292,0.7788992137067654
2295,0.70791892463302
2297,0.4699453881165243
2299,0.940587625082268
2301,0.9951893018504627
2302,0.8669287773817541
2304,0.9179796973751189
2306,0.3543509967005844
2307,0.9222590602788512
2309,0.6453446816426321
2311,0.6273278196183546
2312,0.997013688574814
2318,0.22371534453588907
2319,0.2590112437459668
2320,0.9899393216956991
2321,0.9760811101426154
2323,0.1756889959514915
2324,0.3071695309113172
2325,0.3266096729384323
2327,0.6821526584767763
2328,0.7947695869077671
2332,0.9472991671697174
2333,0.2840236900220858
2334,0.7758791263720956
2335,0.8467363241683097
2336,0.8384474613059935
2337,0.39199647841278484
2340,0.5820702908512126
2342,0.9958697183056843
2344,0.9862880685496755
2346,0.4448543781094063
2349,0.4516031259672045
2352,0.15862554908461707
2353,0.3570058692802985
2355,0.4876939819436043
2358,0.2897393191889821
2362,0.3915724139939526
2363,0.28123645579326256
2364,0.5056736852032573
2366,0.35381195643050994
2368,0.6606821868230852
2369,0.43933871664667723
2374,0.7304127463883002
2377,0.9124470001478323
2380,0.6826616478828226
2385,0.2736488326853261
2386,0.19602813419357892
2387,0.3009707366180254
2389,0.31326254832841344
2392,0.2854071506910143
2394,0.35514694626004917
2396,0.6280890157910862
2398,0.49762657551853856
2400,0.3708684547642994
2401,0.22312674172157007
2402,0.6558904461765881
2405,0.15867001078487245
2411,0.34859934949106963
2413,0.7166701956089822
2417,0.9861669224302146
2418,0.9165095034340294
2421,0.37955807857902185
2422,0.27023369184331214
2423,0.23217676558772954
2428,0.9820307635346602
2429,0.6091284321839854
2432,0.48894360359431854
2433,0.3449353609899726
2434,0.3770016612726917
2435,0.3398710224902652
2436,0.27768785523372036
2439,0.20414435655030835
2445,0.8063733020377419
2446,0.9558845381907981
2448,0.724223872907977
2449,0.8139166287910726
2450,0.2854256099558624
2451,0.23080398487438944
2453,0.8663699052522424
2455,0.7575335357604034
2456,0.9220416760243365
2458,0.7207030536000271
2462,0.5756796369451739
2465,0.912773210656194
2469,0.8083938435598184
2472,0.4843671063155324
2473,0.8526231986736867
2474,0.7109470760643459
2475,0.8121691941444654
2477,0.42795238439130384
2480,0.3686880304980397
2482,0.9819394803547375
2483,0.9303455247290772
2486,0.1619348608094611
2490,0.21380835990681174
2492,0.994601652824457
2493,0.3738415827621054
2496,0.20789350558592198
2498,0.37652964037154
2499,0.8470142087812634
2503,0.5632423528933045
2504,0.3195934874860774
2505,0.5094608601785514
2508,0.7045998800377513
2509,0.9658250026469566
2511,0.6827958362497805
2512,0.3952012132274241
2519,0.9513570040053602
2521,0.7114081980099977
2522,0.20858967137270323
2524,0.21805197978663443
2525,0.9752736749769221
2528,0.9569223060801645
2531,0.8092667963491621
2532,0.30519922313917
2533,0.2019601479851415
2536,0.6922392209063881
2538,0.7328149529776599
2539,0.1553942189195084
2540,0.38444768031809284
2542,0.7435263410438947
2545,0.856353083069986
2547,0.18639308201986945
2550,0.9906383244545133
2552,0.23189424816576434
2553,0.3783136346295622
2557,0.7478438138377768
2558,0.1567980190960554
2559,0.99929460517129
2560,0.15878740604925462
2563,0.9674433066566649
2566,0.9209635977529531
2567,0.68757656197211
2568,0.7785447574177088
2569,0.7632904442195891
2570,0.3628859256705845
2573,0.4320930064376918
2574,0.32901115616451587
2576,0.9757079183675762
2577,0.1713547802484893
2579,0.17721381038012732
2580,0.9990270435601157
2581,0.48724806724329905
2583,0.6618944686559931
2586,0.9522146270148001
2589,0.9841552188661024
2592,0.5154088654190353
2593,0.7064502187734535
2594,0.9789002755118132
2595,0.4877249099676499
2599,0.6428807493451698
2604,0.17037411516146772
2605,0.9565898979559349
2611,0.8286872169192272
2613,0.6987219912726654
2614,0.45858108674129067
2617,0.991394048120312
2618,0.7605863154750729
2619,0.48551330629150496
2626,0.22028883932027257
2627,0.24243427879359986
2629,0.8681868610291945
2630,0.8907465198606747
2631,0.6528966092221286
2632,0.3506491873889781
2636,0.8532683405875032
2639,0.9583377594578204
2640,0.7437498000964622
2641,0.7490978330390293
2642,0.964842407324801
2643,0.163866270914176
2645,0.22949165999425164
2646,0.9410196152173718
2648,0.24221052746647925
2653,0.4924387313694375
2656,0.981222361241888
2658,0.3676952797472762
2659,0.9940924968049161
2660,0.1846008699401547
2661,0.9820594580437637
2663,0.5085202676323324
2664,0.943671605397677
2665,0.9842592070386644
2666,0.9908613226520623
2670,0.8650369292315622
2671,0.27675809766356774
2673,0.24902151785658624
2676,0.6344391272079265
2681,0.9307572939448857
2682,0.7272655589048826
2683,0.7785455936371289
2684,0.037561764485365814
2690,0.9927404251879188
2691,0.7835458867113045
2694,0.012508589750071032
2696,0.36143470832143065
2701,0.9822954280865107
2702,0.8182118038076174
2703,0.9067644603181858
2704,0.7303500158202153
2706,0.2433353796267206
2707,0.9754445243443547
2708,0.39478004782019677
2709,0.8516263355897793
2710,0.47472226084070795
2711,0.3354068082547283
2712,0.38624287555959463
2713,0.22191533337057304
2717,0.4274318990400676
2719,0.3833619936074275
2720,0.8329362523983512
2721,0.38738339679563605
2722,0.3103290943401689
2725,0.6667443129375209
2726,0.842627406398209
2728,0.5556818459740405
2730,0.8912466465899576
2732,0.7252994594850637
2734,0.75541111070373
2735,0.7356909470721408
2736,0.6793218140496459
2738,0.5890115634356171
2739,0.19855974354163156
2740,0.9782554600347162
2741,0.4838054550173227
2745,0.5790261762653636
2747,0.43792861098758284
2748,0.8158243770800553
2749,0.9984388522618683
2752,0.4174724800924753
2753,0.8334100338309713
2754,0.583981041151027
2755,0.9889950791243037
2757,0.3324453433385232
2759,0.9302827778070942
2760,0.9173874715363242
2768,0.9263921626825171
2769,0.9869266802616605
2774,0.3545075348002858
2775,0.5008015062207747
2778,0.9185236515649101
2781,0.7900996475321782
2783,0.9972509400337736
2787,0.5626106489595524
2790,0.508472213828789
2791,0.35638129091419674
2792,0.9651781612717698
2793,0.613793435795196
2795,0.459123543505367
2796,0.8876744555419749
2797,0.8193884578443512
2798,0.43163490856492415
2800,0.37363009160105454
2807,0.9846847836445215
2808,0.5060419748157283
2809,0.915969212414569
2810,0.4659981130794944
2812,0.3714624189063483
2813,0.9964018586895463
2815,0.7193635289173662
2817,0.418674742080848
2818,0.5143380823516028
2820,0.8765979973591288
2822,0.7305191595695922
2823,0.7720118134840073
2824,0.3351837865792594
2825,0.4966969420245767
2827,0.9415282052785773
2828,0.9099255940127176
2830,0.2746352576123463
2831,0.9015136273161853
2833,0.79214396700426
2834,0.7631598266951092
2838,0.14450183541007833
2839,0.4410820019879214
2840,0.9536397242256771
2842,0.972434209492321
2843,0.8109767105237853
2844,0.34650798347173045
2845,0.38190927492018123
2846,0.20604400954804455
2849,0.46852509583903146
2850,0.7835101009420251
2852,0.5173440490943647
2853,0.26947738774076924
2854,0.4834666906454711
2855,0.8600617175664599
2857,0.9351533687831372
2859,0.5124404489468924
2861,0.8402766834158243
2862,0.9649810279440709
2864,0.6200724867298997
2869,0.6802866618601648
2870,0.9710947789647958
2871,0.9614620176762176
2876,0.8994133743428714
2877,0.9985360253240082
2878,0.7675943176164445
2880,0.9488878728359651
2882,0.45610587875410935
2884,0.9815729138043826
2886,0.956465568198741
2888,0.9719965798069955
2889,0.6135279167763333
2891,0.9614597094485873
2892,0.9692955416319691
2893,0.9887698540736374
2895,0.29060195853520265
2897,0.8540797144646084
2898,0.9412315938437381
2901,0.5468081500576929
2902,0.7771967075420355
2904,0.8407876193486576
2905,0.9894244796545419
2906,0.20758276193537947
2909,0.23468392467990998
2910,0.666283554339112
2912,0.8803452822226738
2913,0.46354671403320424
2915,0.7180520338956106
2916,0.2558592590816544
2919,0.46668238182989136
2920,0.7804913622250442
2921,0.4654262541207707
2923,0.4322015640600015
2925,0.24450808552354222
2926,0.350342530168246
2927,0.9937517446420022
2929,0.8585241076599883
2932,0.5163452569772143
2933,0.9619077014273384
2937,0.7218546997095983
2938,0.9910684977121956
2939,0.9609824406335691
2940,0.506777769702248
2942,0.9831574611436309
2943,0.9200000232608588
2945,0.48023104540944084
2946,0.9876887147377988
2951,0.33102973681787184
2954,0.9504428751928999
2956,0.18116972739276313
2960,0.3537197175458369
2962,0.5300044709841789
2963,0.3918596187013757
2965,0.7886040704625528
2966,0.5042628049574643
2968,0.7716350958161184
2972,0.45333709446737286
2973,0.9566087492599169
2976,0.5733419492940556
2977,0.48867807445719175
2978,0.5582645774631672
2980,0.8905739356944564
2982,0.40927823944339536
2987,0.9277378689976894
2989,0.9973169347617955
2991,0.8086505024313833
2993,0.918638526852147
2995,0.7469624737822577
2996,0.7553526546266272
2998,0.9992249186540819
3000,0.572329548958993
3002,0.8510914250210615
3003,0.9708227821526376
3004,0.9885347698696358
3005,0.853318082823398
3006,0.3390493071632039
3011,0.37093529260361
3013,0.4436213298437123
3014,0.9381599078354611
3018,0.9745340962292074
3019,0.9914681500607728
3020,0.8975142174510208
3021,0.7401864113905475
3022,0.33315007026526755
3024,0.6969301985461014
3025,0.5482386745258384
3027,0.7945330265578623
3028,0.6539145591810607
3030,0.9345889145726407
3037,0.8858830193004729
3038,0.7171309500151692
3040,0.32637829552769676
3041,0.9991315922390026
3042,0.3382653237583018
3043,0.25394046415926547
3046,0.9942978341452877
3047,0.8785359119123707
3050,0.8313755927745501
3052,0.7224673845565653
3053,0.18457045994164734
3054,0.7721346799205207
3055,0.30734904117553385
3056,0.6876899165713518
3058,0.1158284975031126
3059,0.2569514709883076
3060,0.9981588324426424
3061,0.8882126835997303
3062,0.9780305919615725
3063,0.9265362949830829
3064,0.9950727223541798
3065,0.19679830173151144
3066,0.3798860312469561
3068,0.46007393956434806
3069,0.26363346301721385
3071,0.7157332076461308
3074,0.9916896875261254
3077,0.5536959875596367
3078,0.8627987610603671
3080,0.8754906874740981
3081,0.6209121437833341
3085,0.25378848750162375
3087,0.9904310172257939
3093,0.8549732815773974
3094,0.7112876090552259
3100,0.43082143084858937
3105,0.3396481137532565
3106,0.9931947509383215
3109,0.6192130341977432
3111,0.8151578446356382
3113,0.9799296038321276
3116,0.33993501404253074
3118,0.9949154480853198
3119,0.25474107856735356
3120,0.0699391915926917
3125,0.8292625583168706
3126,0.6027363345023011
3128,0.3438626466892563
3135,0.9998130974182159
3136,0.9058933638670228
3138,0.868355328955513
3140,0.79581557913448
3143,0.37901261593172414
3145,0.7967504509078236
3147,0.6485807300292796
3151,0.9950537978440263
3152,0.7357346622066494
3153,0.6507100197714553
3154,0.6892455220621088
3158,0.4214137293130603
3159,0.7458270617748829
3160,0.6647874856026589
3163,0.397514962259963
3165,0.9923896644895598
3167,0.40468446618338555
3169,0.780004577654537
3172,0.5441849712049984
3173,0.7702839342174909
3174,0.9227274588761726
3175,0.9486513654856084
3177,0.7861313280509423
3184,0.9790879850517384
3185,0.7880280239595131
3186,0.8910157225952079
3187,0.6849919218416205
3189,0.9596161112855314
3190,0.6510899871960152
3191,0.6852406413999845
3192,0.7015403947103137
3193,0.8687272016488284
3194,0.20953240534106565
3196,0.9691411085395741
3197,0.9795433657780976
3198,0.9771591474477164
3201,0.8181788856003314
3203,0.15967513444571596
3205,0.6338438413142845
3207,0.5370037858141957
3208,0.8848657108840892
3215,0.6854241623366263
3216,0.9521093015379588
3217,0.44956589499275723
3218,0.9964610403210364
3220,0.9518140192175794
3224,0.5661944738941806
3228,0.9911478226548657
3231,0.7127432453492738
3232,0.34520693669640956
3234,0.9977933292859352
3239,0.7342565292731442
3242,0.9792748434759345
3246,0.08703421173735007
3247,0.16039492425350763
3249,0.36706937422879793
3251,0.9862578360309125
3257,0.731502634387768
3259,0.5710623226830974
3260,0.8530460569355013
3261,0.793092187145352
3263,0.7968015826199837
3265,0.4612125333159151
3266,0.800538988678263
3267,0.8400893734254264
3269,0.9959661886197414
3270,0.737984624680009
3273,0.9927976069377622
3278,0.9539099681158303
3284,0.6865331248194814
3285,0.20083042201833115
3287,0.3639970390709832
3288,0.8788866032478482
3291,0.2611421431043543
3294,0.893792959582116
3295,0.21763495666160645
3297,0.22372085850744103
3299,0.5094849122986439
3302,0.7579154867325731
3305,0.9964996680084452
3308,0.9897256519367506
3309,0.5876281246091724
3310,0.593384732304263
3311,0.29587954025015895
3312,0.27649401836942866
3313,0.9896778794175616
3314,0.3538747505898201
3315,0.4180713430840755
3316,0.9770528040876755
3318,0.36988055098137085
3319,0.9937703877250869
3320,0.6222597609780119
3322,0.9736942204396383
3323,0.9838426786206659
3326,0.8735399178501994
3329,0.8910263470964753
3330,0.05205893053951338
3331,0.9032802710701949
3333,0.8680399828004843
3335,0.9782148094193568
3336,0.957442055189443
3339,0.2202569815051205
3341,0.9949812056800134
3343,0.9381722714463309
3344,0.6844820404256687
3345,0.22732256973866752
3347,0.967758855720944
3348,0.3163036313524605
3352,0.9704106284421624
3353,0.48488258922388133
3355,0.4340785873133132
3356,0.8071628981823368
3357,0.9891648537370141
3362,0.9281198026162513
3365,0.4777396125074558
3368,0.8985990737902828
3369,0.5512927656825394
3373,0.36700548326615706
3374,0.6072774567926805
3376,0.9813550387165484
3378,0.8835176734645278
3379,0.9937846827583925
3380,0.6488404979956197
3381,0.7641241612849413
3382,0.983866676806705
3383,0.9855705017440147
3385,0.8329448309370099
3387,0.654277154553215
3391,0.43981577538097627
3393,0.2457027858021173
3394,0.9980247758818436
3397,0.9508126874692218
3399,0.9834103143683689
3400,0.607055862789527
3405,0.4360574973856654
3406,0.999650017788308
