2,0.23264297995633096
3,0.16031594927909293
4,0.21539446261703812
5,0.406667712043363
6,0.511588907437652
7,0.24345096668847566
10,0.19144638549388937
11,0.3304017917482161
12,0.016921481680604995
16,0.26853315912980147
17,0.27235467220322035
20,0.37068364953609456
21,0.22082448722315
22,0.23770092936992032
25,0.22867485321734227
28,0.1761383564315214
29,0.15579444881330076
35,0.3181355467564885
36,0.3025601394992626
37,0.23918581910545314
38,0.2194217739475079
39,0.18161807084779683
40,0.21433440006644777
41,0.3646873388304191
43,0.17228794795872165
47,0.5209041369369178
48,0.24659836094357562
51,0.1528860308524168
54,0.23860277956967532
55,0.17783972979548343
56,0.1766661390477237
61,0.5043279033688622
62,0.30051799260881285
63,0.16939255159539912
65,0.2115366748928856
67,0.1828862272326134
69,0.19244833976636352
75,0.40736308172914876
76,0.1652326634886354
78,0.3070096818109624
79,0.3489961862179801
80,0.2816830008925619
82,0.1763384754101843
83,0.3106561088317376
84,0.2179342292491421
90,0.32862424532652146
91,0.44397329794586754
92,0.1769549085850515
93,0.26401346800143
95,0.19036185987215834
96,0.18620394201820564
98,0.1732800534550681
99,0.4952643684629912
102,0.22139314698523668
104,0.3519905441881963
107,0.22853931654626894
108,0.170157549845379
111,0.20169068775600285
113,0.2326165466411277
115,0.1720516771972865
117,0.35597876961891506
118,0.4071201902566118
120,0.22259450247634466
123,0.24228369184800533
126,0.36378415979710066
127,0.2660210592956951
128,0.36219530690549284
130,0.34406853200767223
131,0.34007942355337767
132,0.1800358515793688
133,0.20580386531983974
134,0.188547857845616
137,0.28886258938380716
138,0.5616393437612894
139,0.21717556371518457
144,0.4835502948997115
146,0.2074839861771132
147,0.2833351922277764
148,0.18028688771854115
149,0.18616732242411588
154,0.22568402710018357
155,0.3571872564793808
157,0.16172569551671118
160,0.354824121177032
161,0.28270702600508724
162,0.3137748475658592
165,0.1869233723242457
166,0.19191639895490242
168,0.1856825977053074
170,0.22534583115373447
172,0.17631325244739482
173,0.16578113799635297
181,0.15348297097640345
182,0.4196939260100349
183,0.41331863934057794
187,0.3877259413461355
190,0.1824651635604821
191,0.22027018345693863
192,0.2230031828689101
194,0.330183630052618
198,0.23809827328062816
201,0.29195153132615176
202,0.19522737801891082
203,0.23163526428235007
205,0.16126057838138946
207,0.6484197371381729
208,0.15797056131514173
210,0.3134502251911831
216,0.2693368192454776
217,0.1735182446919198
218,0.32066609502455073
224,0.20575619146910074
225,0.28762093274473816
226,0.2523353159682369
229,0.4968538127800444
233,0.6101347734814325
235,0.2807811265842132
236,0.23330674501173299
237,0.28126716499106486
242,0.23491471893771498
243,0.23226601833180177
245,0.2504039255720245
246,0.1785900236907589
249,0.3334161544397884
250,0.31874213375329385
251,0.40378826423479397
254,0.1732015802803804
256,0.16455089755065322
259,0.24420924836680832
261,0.9914835300615666
263,0.18600177913964502
265,0.1569891795706056
266,0.7243848824993069
268,0.19654318287434858
269,0.4302388096233763
272,0.48694840552926905
278,0.21772010225439262
281,0.17741239714214335
285,0.2696062078642175
286,0.28340332056653855
293,0.15712154185963362
294,0.29190706278535367
295,0.16301357446550988
302,0.22610553619569435
303,0.4504379600862876
306,0.24660026883767044
311,0.517471552117044
313,0.1694142069323151
318,0.3381281833071875
320,0.3043782067793874
321,0.2787273008933331
324,0.16940721797177158
327,0.2542019048423706
328,0.17138313907047825
329,0.053573649368829475
330,0.22265033482813604
331,0.21188714660371774
334,0.2278760058504489
335,0.16407891863124463
336,0.2626493831568393
337,0.1769732744075049
338,0.9064099297805837
339,0.18939542254053784
340,0.32959556640403
342,0.17636398301968975
346,0.15778830771689334
349,0.32549666858735304
353,0.5491070994370482
356,0.19412693994780209
357,0.18604277194488156
358,0.15909385414980853
360,0.21947179129106406
363,0.25277229781673954
364,0.1703603973167002
365,0.25546907793775925
370,0.325093865198305
373,0.278809006840369
374,0.18016492197018258
376,0.24065627910851875
377,0.3890198031535701
379,0.3272244720294179
380,0.17704614107777536
381,0.16695276245961158
385,0.22747693448219738
386,0.625748861019418
389,0.1693155498153556
390,0.18063583315044826
391,0.17251056515916907
392,0.15771029852726046
393,0.35878921139665243
396,0.2530475284172913
397,0.30014079764582735
398,0.16245099008187397
399,0.436510745054943
400,0.1973075234793097
401,0.18711783649384248
402,0.17224222789193103
404,0.2754452405637954
405,0.44473080839834306
406,0.39663542623868947
413,0.18974718851477035
414,0.1625773357312168
418,0.23490910557317396
419,0.19471268930932728
420,0.16453482845873282
422,0.2358701304558384
426,0.22215513505296294
429,0.16344610841537263
430,0.17413324444067077
432,0.2356782118069281
435,0.2662490985018082
438,0.6297633306975152
442,0.16543235414832744
447,0.3680460240024898
448,0.2162102473542419
449,0.3411903448790648
452,0.22328322317733662
453,0.6623922164246472
454,0.16788447547300606
455,0.40384734084056856
456,0.21440989349413697
459,0.24903935013055792
460,0.27472792915425504
467,0.2996934905508627
468,0.2983799463695193
470,0.2528942883900721
471,0.3206827149908685
474,0.3596120497142845
475,0.225511398059394
476,0.16670726195651472
477,0.2735987195309454
478,0.20844225375099423
482,0.22116571185406786
484,0.18200751865207584
485,0.16838502583039083
488,0.22770303436235248
489,0.39671478972615853
492,0.978644735575878
493,0.22066588043531873
497,0.23981976358472892
500,0.46142563799246206
503,0.42061360156495464
505,0.1757948857839508
506,0.19497083681808308
511,0.25496093778770346
513,0.2146373443377706
514,0.5167996202920326
516,0.2538729289470066
517,0.46923432482824023
518,0.4575077668064302
521,0.21438066431927494
524,0.17457631947412366
525,0.3636792703854637
526,0.1825686426279345
532,0.30619578771644257
535,0.02458201596712169
537,0.4792768239159095
538,0.17858938591502324
540,0.23935270264899813
541,0.20460687495313754
542,0.18573957601301772
546,0.2140361680275593
547,0.4092050966925623
551,0.20487046549861304
557,0.3049364071686098
559,0.3260676942344128
560,0.6700642824423411
563,0.8405757587634972
564,0.1790370302291163
567,0.18370300141036808
570,0.19273322223985861
571,0.31969638898159825
572,0.15579646365787586
575,0.23333327448721033
577,0.17209973600362402
578,0.28273542840390387
580,0.5353911152434896
581,0.21605309664628491
585,0.42121335624587086
586,0.3772479927301916
587,0.9084768372759088
588,0.43560687338009224
589,0.7273738786775618
593,0.25018679045931647
596,0.17422604487362658
601,0.34507238182329775
604,0.4862297950428708
607,0.24134571668384378
609,0.30198440522776077
610,0.3296369504584799
615,0.3898768892964268
616,0.40910111923655806
617,0.32290304479354837
623,0.27724223729228414
624,0.3453538831719029
625,0.33502353876113417
626,0.2509594175054203
628,0.2664085968239816
629,0.4931045891191311
634,0.27561123803442544
635,0.41461888703214345
636,0.23953821409359616
639,0.24032215953431066
640,0.36292005507168623
641,0.578899027825578
642,0.22886565691188382
646,0.2895944965653325
647,0.5006460980894686
649,0.18860261273626971
653,0.4904264000473319
654,0.40580247487984394
657,0.3163165745903884
659,0.3849159925526737
660,0.4464469619921189
662,0.26155734412677395
664,0.23458690982964803
667,0.2631408026034432
668,0.2792474803780763
672,0.21987837186422798
674,0.2814023928473251
675,0.5086868439506284
676,0.33385150709519484
682,0.16837680572559957
684,0.34057271811272505
685,0.3580953536258489
687,0.199840309201557
689,0.46790754504182824
690,0.32876249798791374
693,0.48667469908884703
697,0.403782352863261
698,0.2372813378583653
699,0.3391101776418291
700,0.18588979030831335
702,0.19875150584204712
703,0.2338827188521622
704,0.341705221981619
705,0.5177054057214692
707,0.33128651783394947
709,0.26497518918874996
710,0.20123924092433626
711,0.18351044227488691
712,0.20727818326067018
714,0.3234212872169228
716,0.610887258121534
717,0.19867154625757227
718,0.45979807545724855
723,0.2605335187024626
724,0.22319420630738465
725,0.1604567699133993
726,0.5162160790920441
727,0.5138934703829265
729,0.17720944660685478
731,0.1970289977838022
733,0.17707722578278828
736,0.323063067931335
738,0.2358006494998548
739,0.3750292612841971
740,0.4655613597482675
741,0.43302063025444704
746,0.3906033282996739
748,0.41507277671694875
751,0.7111543690510068
753,0.15739298039659183
754,0.4066926359626023
758,0.2772057116962948
759,0.17456782945014468
761,0.20381736425910763
763,0.20440373528580327
764,0.8676950200605897
767,0.15870317256062466
769,0.2502061717390932
770,0.17819914831117023
771,0.3728646148054036
772,0.26704700889127003
774,0.39235672903400326
775,0.19579234704615184
776,0.18286027172254132
778,0.9460520413894388
780,0.3288417879807251
781,0.26068853840353284
785,0.4349458985238281
792,0.19318566036934132
793,0.46587962638766983
794,0.4541398377257537
796,0.19221070590967193
797,0.4892025204067534
798,0.5178301713713639
800,0.3383308860028555
805,0.15633160842745053
807,0.25766130215429484
814,0.37052410107739137
815,0.5664312891203929
816,0.8121549213853495
817,0.40009805267157883
821,0.2406115245677852
823,0.32054860483682907
824,0.3346304966208544
825,0.18178620397126974
826,0.1802411928298534
827,0.27152947314014464
828,0.24384657779681218
829,0.3853617472682617
831,0.21511368597774114
833,0.18747324930795034
834,0.40155874752114257
836,0.8784209614178045
838,0.4190593031354109
847,0.3937893528429028
849,0.41140100718440903
850,0.5012785508867049
851,0.39219179888988875
852,0.1812379532075223
853,0.22733199317093292
854,0.42807229312779715
855,0.5675289464460052
856,0.9517247672821365
861,0.4273066410883738
864,0.1904972976005835
866,0.1940164395438576
869,0.369557546770099
871,0.7056707239278781
873,0.23456225551594737
876,0.18072429586350705
877,0.7128793814353346
878,0.37194757255399896
879,0.49555564879723585
881,0.39400504195553404
883,0.6767677678647238
884,0.2575463407356381
885,0.3514087566035284
886,0.9252290346206735
887,0.2594990111732978
893,0.32610182399620247
895,0.6295536280661752
896,0.4478361589122103
897,0.5352921284555403
900,0.3996145027510936
902,0.22065184288136286
905,0.21666522445648656
907,0.1797990872336734
910,0.37790073270410346
914,0.4818983335286383
915,0.24034562030121034
916,0.7152917070098359
918,0.2810031999027242
919,0.8875970842495283
920,0.180398075574062
921,0.3674607645432746
923,0.22466806629906608
925,0.8515583535847945
926,0.9740588111452553
929,0.3458285122288355
934,0.24649629197183248
935,0.3704439616363521
936,0.23989423324140527
937,0.7617994851832146
939,0.4595533213915253
944,0.28302842489392993
947,0.3359894976678463
948,0.8129305068204692
949,0.5179396114758174
951,0.9342430839266688
952,0.26905772704909076
954,0.2893156812538332
955,0.2620304125076614
956,0.41627803088079907
957,0.20778743087578747
958,0.2338513158616162
960,0.4228251978173977
961,0.46150634992412215
964,0.20599703445769252
967,0.2433561964082063
968,0.3849233711959515
972,0.3634406856442654
973,0.40769529186151465
974,0.0379133337657818
975,0.15794261305144153
976,0.24419851636354264
978,0.6945552563731833
981,0.37556006204955206
984,0.4107002959600743
985,0.8633191559645077
988,0.4166338608420432
989,0.49215529108601674
990,0.1710929393140103
992,0.20424093212867808
993,0.4281430109511594
994,0.22188768331276726
996,0.3757755594477073
997,0.2234421997928477
1003,0.40674666592838077
1008,0.3369100456677902
1009,0.49666356670232753
1013,0.18325996654335142
1014,0.31635382758310165
1016,0.16485050967409995
1017,0.16898762722852217
1020,0.22418623246077363
1021,0.9663809842093964
1022,0.25037831922862513
1027,0.2353549437783888
1029,0.3234161671645537
1031,0.415927170479244
1032,0.4649606119411743
1036,0.17067530940753445
1039,0.5131916913846075
1040,0.8269537242176889
1041,0.1659256873240924
1044,0.7210950983580708
1046,0.22759263197123059
1047,0.5195966682793137
1050,0.4171600527913143
1052,0.3329999250606234
1055,0.6589749971409863
1057,0.5045794388973717
1060,0.23763778279154404
1061,0.7313006278517102
1063,0.18200194848301296
1064,0.26944250042250817
1066,0.4024580225229741
1067,0.260542912995068
1070,0.8803187514880331
1071,0.34344435615227237
1077,0.9231759892333201
1078,0.22506745776309403
1080,0.3420545774888581
1082,0.26509336920100113
1083,0.5181278733649024
1084,0.6929224881743523
1086,0.30698895551562033
1087,0.22514207620629856
1093,0.27490763948986185
1096,0.29095146413322664
1099,0.3596927405551096
1102,0.27260303715326145
1108,0.753711831318575
1112,0.42990282394599044
1113,0.577431163532273
1116,0.9520176795676932
1119,0.5030413689764022
1120,0.19078224599112598
1121,0.5690645000602684
1122,0.3961076876949403
1123,0.26497317387649094
1127,0.23634720662984987
1130,0.7791982613739423
1131,0.28094042323655083
1132,0.25884132535380955
1137,0.3996681048576263
1138,0.769531587497774
1140,0.16269289018320263
1141,0.4690301651499006
1142,0.46915230880454495
1144,0.460303869996673
1145,0.8050275085712175
1146,0.8255558744847692
1148,0.8128461102046491
1149,0.3640488195198517
1151,0.5109179589201931
1153,0.5495589890983188
1154,0.8553445294417124
1155,0.875118364874799
1156,0.3101592604183133
1157,0.49430280226182427
1159,0.36775150131764034
1161,0.2643490507107495
1163,0.7102148336183964
1164,0.30176045990105244
1166,0.8808384482703201
1167,0.8715720179288681
1168,0.5104787669117457
1169,0.8033595067312519
1170,0.34943784257398375
1171,0.7555328389709329
1173,0.23043920355125833
1177,0.35351229132099493
1181,0.1577643275268594
1183,0.2683267357139683
1184,0.2940855402622036
1185,0.2426190192359218
1186,0.36339974226435834
1187,0.7851841254491327
1192,0.16631101080154997
1194,0.41573453900510426
1195,0.29678393771467193
1198,0.29619195687978617
1200,0.6259457083447165
1202,0.678964636881343
1203,0.8984007794094995
1204,0.03030518496336845
1206,0.4234225974520963
1210,0.31228882345008835
1213,0.4520159519669877
1215,0.6021729324904324
1216,0.6730250125149939
1218,0.27874011661496517
1219,0.45073454610008074
1220,0.24250680001088726
1224,0.44333714507028554
1225,0.800294786157091
1228,0.970506301653028
1239,0.3023088314429477
1241,0.2071991622512534
1244,0.5800270503867399
1246,0.310797589703344
1247,0.3406176964082491
1248,0.3596440694031395
1249,0.41172069336450456
1250,0.42032450312615405
1251,0.7203143422850331
1253,0.365221924064157
1255,0.328068649061484
1257,0.28365489031846397
1258,0.31320818372652454
1263,0.47989144936554656
1266,0.5037271289869281
1267,0.47707752077851046
1268,0.5115252462237241
1275,0.5062382135138492
1276,0.46637215532782544
1277,0.6290380990068615
1278,0.7639416614462782
1280,0.4085712925589993
1281,0.4757988807552392
1282,0.6564287879450601
1283,0.4090505672794067
1285,0.8452662185940477
1286,0.2169143598722623
1288,0.2737726564465153
1291,0.4602003060350635
1292,0.9300427067675962
1294,0.47851920044356805
1295,0.3413865625641285
1297,0.9826652747113251
1298,0.5301136749145828
1301,0.312920052738995
1302,0.2677187676436816
1304,0.37593835825042726
1305,0.3022633729675296
1306,0.16082919317011016
1307,0.443767787781498
1309,0.5303468510841755
1312,0.5307290650657167
1313,0.9916144606307726
1315,0.34984475412049315
1319,0.4121369199137066
1320,0.6065422789176996
1325,0.36601332731384373
1326,0.35960110084713975
1328,0.501514146201044
1330,0.32020596857001754
1332,0.2770282014230442
1333,0.3053496985799038
1334,0.28418776295971165
1336,0.5123957827695871
1340,0.15607014943874783
1342,0.6153960181284844
1343,0.8157753671171
1347,0.1930666471175767
1348,0.9880849010508489
1349,0.35473270231194465
1350,0.9688372481191799
1354,0.49330284041941685
1355,0.24040390231088563
1356,0.16275819756676274
1359,0.8961205960060257
1364,0.31540929992439
1366,0.598139672023652
1368,0.9772499381732481
1369,0.4110410266658966
1370,0.1960624741782745
1372,0.11262656889464405
1373,0.26126345301855186
1380,0.33856058065706013
1381,0.15768237107475946
1383,0.2978782344742301
1384,0.2181404443584367
1385,0.3375662917337224
1387,0.7620640041711114
1388,0.19073107645170478
1389,0.27538955903166723
1390,0.5295487534190062
1391,0.39740021249866314
1395,0.9532598339746895
1397,0.20206143862078757
1401,0.46710920734359784
1402,0.8465562572689077
1404,0.21933375922970888
1406,0.17598965762382762
1409,0.2773068506891572
1410,0.16525124236559693
1411,0.4740775179530268
1416,0.6966445879020738
1417,0.6048099415161696
1418,0.819729965472456
1419,0.6750629333280375
1429,0.2122820353989654
1431,0.5049669864722293
1434,0.8772374915361048
1435,0.8692108101552953
1436,0.17548898516392372
1439,0.9829098417400302
1440,0.3840135884834144
1441,0.5550979149823327
1444,0.8170357128000056
1446,0.32841727104700436
1450,0.3004741651979966
1453,0.853115051683241
1454,0.9301902649951288
1459,0.15495511533842282
1461,0.1989651025665803
1464,0.4994588518963238
1465,0.4298575881707669
1467,0.26110210261893957
1470,0.33072884868516733
1471,0.4688121823603399
1472,0.3967800648528687
1474,0.8621374469183851
1477,0.96679103091905
1479,0.4903012339491665
1480,0.5152225270248592
1482,0.17474635468544686
1483,0.7944010470292139
1485,0.19373475058205059
1486,0.7542928143953594
1487,0.7445551144682561
1490,0.6048486684484071
1493,0.15149969609215683
1494,0.29546720873733656
1496,0.5669270762954463
1497,0.9183183683977794
1501,0.6434572994162702
1505,0.47031039335413544
1506,0.8566945459244494
1509,0.16245919680819243
1513,0.3962192470093633
1514,0.3501521204182191
1516,0.43993255777438756
1517,0.16127669653084917
1520,0.41497272213795583
1521,0.22904413270175833
1522,0.9211478571349427
1523,0.8282930530396286
1524,0.5050701817560284
1525,0.16022049222350768
1527,0.1741784174600904
1528,0.9487543956986756
1529,0.9581648305041212
1530,0.7508608176423563
1531,0.6286116654406805
1532,0.620968242190081
1535,0.39441560052415503
1541,0.4353255451842979
1542,0.42106145320819244
1543,0.3417843264062797
1545,0.4941276628048599
1548,0.47888133849322595
1549,0.4783244700998885
1550,0.23363026724359437
1551,0.7215935765611929
1556,0.4011828994509778
1561,0.5509162748106734
1562,0.41540686968943646
1563,0.4879392633650542
1565,0.35668347044159215
1569,0.7049816375167742
1571,0.16195324192128754
1572,0.3942319545358287
1574,0.3657886306460943
1575,0.26206722080182365
1580,0.9677805559356447
1582,0.9474241167488142
1586,0.9903425621343744
1590,0.20478344087570213
1592,0.5799312913820805
1595,0.20813735308208878
1596,0.8751466545469261
1597,0.18672332199266184
1598,0.36742479202450923
1599,0.9455996174759677
1600,0.510746231416901
1604,0.30606385058624064
1605,0.6119764856638714
1606,0.5379817653723199
1608,0.9257422066044391
1618,0.9501771536749262
1620,0.7540027978024421
1623,0.2113059553216376
1626,0.4120468954445522
1628,0.4140804497128208
1629,0.6767742883199299
1630,0.4377201280251558
1631,0.2605351229031426
1632,0.9891042246926004
1634,0.9348918504413737
1635,0.45493932712745533
1636,0.586819897357252
1637,0.26391802918284457
1639,0.5722299177630386
1640,0.3933859067829123
1641,0.12549757949682863
1644,0.8880069511640717
1646,0.588180350538841
1647,0.19339984091030754
1649,0.3428000356537723
1650,0.19936037380304392
1655,0.1677364586151484
1659,0.963241966599795
1662,0.02730020710649079
1664,0.35779192738666743
1665,0.2136538634856481
1669,0.3864450207868038
1670,0.5500287021631041
1673,0.6802408657583705
1674,0.268127934830227
1677,0.33861460900218665
1679,0.3218306303414767
1680,0.9215342784387406
1681,0.37834412921832183
1683,0.1983678841797237
1684,0.23438732357492864
1686,0.37567716159975756
1687,0.4458801960370733
1688,0.3508278403828675
1689,0.9609045712665922
1691,0.36448277293958786
1693,0.162853756510074
1694,0.9760709406397301
1696,0.9512900634003777
1697,0.44626685570600655
1699,0.8817077191590991
1700,0.23855780240811497
1701,0.3779551742781144
1702,0.30669161321950333
1705,0.4575537871500559
1706,0.41122661714179265
1708,0.5126860912073651
1709,0.17954153018945362
1711,0.2058884778967377
1712,0.4659870693718578
1713,0.5155671825279017
1716,0.43593465609444476
1717,0.22387163288557008
1720,0.8137465075283838
1723,0.47054893159777716
1725,0.9127445101862877
1731,0.42898778732440607
1734,0.37366506196337407
1735,0.33730650076289087
1741,0.25819727332697295
1742,0.9507960709848053
1751,0.6358674865821852
1752,0.5113835873154804
1753,0.27671291653211166
1754,0.4383657726223603
1756,0.48516059918346094
1758,0.8335521399339524
1759,0.3991469739984119
1760,0.510071553614981
1762,0.20013902778443882
1763,0.9571972186796591
1764,0.22322101885719792
1769,0.25968995061352357
1771,0.326462912029103
1772,0.417598219090723
1773,0.23899838219373656
1774,0.3836632726829903
1775,0.16755343213682314
1777,0.4742082684348056
1782,0.9945391229208587
1783,0.8141116530154573
1786,0.9252053196388236
1788,0.7938832525215554
1791,0.6361376723392672
1793,0.4112585337389923
1795,0.34059165437476635
1797,0.980978266428935
1798,0.9634034529587028
1800,0.8896080088596791
1803,0.346566712938461
1804,0.6589695136382078
1805,0.20428406685989342
1807,0.6943440763757528
1811,0.3162316426650409
1817,0.8840659260563821
1818,0.8676959618544514
1820,0.41106307429217437
1822,0.5358165494022782
1824,0.4478162612728177
1825,0.9104153742694875
1828,0.7472380901377619
1829,0.20566054632954306
1833,0.25569141421878633
1835,0.2927380186270262
1837,0.33713821911833936
1839,0.17837904222793036
1842,0.21248625726988074
1844,0.2870667116028905
1846,0.1892963745357963
1849,0.45751774078587387
1852,0.42488194770491994
1853,0.007022349952091728
1854,0.9076533236575037
1855,0.40540783672317315
1856,0.358897398009485
1857,0.4477052721285586
1858,0.4185355035650832
1859,0.16008232368139405
1860,0.7315926137160099
1864,0.351818306501947
1865,0.513373956877445
1866,0.7609589347857992
1869,0.5073597239316094
1871,0.15808407313430892
1876,0.42750463198518257
1880,0.9298337038758848
1882,0.3386336027394285
1885,0.1897321459311255
1888,0.33289784555855134
1889,0.2652228185045001
1890,0.42555904618965923
1891,0.8312712766308059
1893,0.37147705701027467
1894,0.4280987688073688
1895,0.15990840383595903
1896,0.3276601980312364
1898,0.1853238132660066
1900,0.698682620535331
1901,0.4507088655133821
1902,0.6262107704716403
1904,0.8088937566126243
1907,0.5009488609886287
1909,0.6883018154800685
1912,0.2754632686015983
1913,0.4305376886796469
1914,0.868105414138326
1915,0.8514727585977735
1918,0.6476557192073772
1919,0.214758319557379
1920,0.31685304192179076
1921,0.5277386620655372
1924,0.24232367982968464
1926,0.9604215604775441
1929,0.20323721528907027
1931,0.6509387568276421
1932,0.5678056040706346
1933,0.35525762150869655
1935,0.35016578115706665
1936,0.7309475684548296
1937,0.8800660788415499
1940,0.15878726679044153
1941,0.19875420928355986
1943,0.5421146105024419
1944,0.18404255731953156
1945,0.9943322597385373
1947,0.42792964878429507
1951,0.5516708201876553
1953,0.5623884976222002
1956,0.9808116740104311
1959,0.17015642853190693
1960,0.34409431581118577
1969,0.4706533162999692
1970,0.3638574352025678
1971,0.8786031055292123
1975,0.05950607210694712
1976,0.381726463618783
1977,0.5908202236416583
1980,0.1949691378651968
1981,0.6590795044964202
1982,0.5189212876663511
1983,0.9859500609092958
1985,0.6998099899836442
1986,0.8690758515313406
1987,0.8414069993191513
1990,0.3892364440325032
1991,0.5220906245908687
1993,0.9689781157450068
1995,0.9792203035493976
1997,0.9777235792407007
1998,0.4981419114719131
1999,0.8643661017923936
2001,0.7613468800513595
2002,0.36651056810403165
2003,0.1830303032085109
2007,0.4387016785140363
2008,0.7007490292283726
2010,0.7110271189309385
2014,0.15910945275355096
2017,0.5965813490960589
2018,0.915865375323714
2021,0.35094426089031316
2022,0.33489239686154704
2027,0.602556686160518
2028,0.2231302384845092
2033,0.24682521177265615
2034,0.424447663185944
2036,0.5010356044364159
2037,0.7526871674200623
2039,0.4467902451819485
2040,0.2956040656856265
2041,0.22251879911732028
2042,0.1728821441283194
2043,0.18836612351613222
2047,0.9237095139261745
2048,0.4185448206954208
2049,0.21607006110839508
2050,0.39163563226111425
2052,0.9308071249892266
2053,0.8075005681569167
2055,0.9573324174717763
2056,0.6940695180783608
2057,0.537940328296935
2059,0.30804020336470045
2061,0.19440415529734675
2062,0.3613155007963091
2063,0.5111435412542624
2066,0.8536775388791294
2069,0.3179793040028433
2071,0.9810837765121944
2073,0.04515885038529844
2075,0.9834143779526274
2076,0.3357975955892367
2077,0.4617519537094354
2080,0.3309603270537291
2082,0.8640368259341975
2083,0.9609453290210753
2086,0.6837589538096188
2089,0.7427705467295102
2090,0.35358403261983967
2091,0.7540696791261345
2094,0.6570676597728498
2095,0.49803210674117276
2096,0.7832020786999614
2101,0.9726669711170423
2102,0.38809829237065235
2106,0.38953752421666765
2107,0.9061552620666512
2110,0.35668160290621387
2113,0.8875386230929962
2114,0.16401154911829985
2117,0.8770676606012305
2118,0.17802788005737336
2119,0.4193131749465246
2121,0.9848773936144609
2122,0.24233737460109614
2123,0.6795839757158333
2126,0.5952181338996759
2128,0.8645815235218721
2129,0.8969065553622135
2132,0.7686765348555477
2134,0.3362918584895649
2135,0.25241934713827463
2136,0.5737368110942375
2137,0.5102793024286276
2138,0.23008464267723613
2139,0.9774818178397595
2140,0.25998881014708725
2141,0.7610783497606916
2142,0.40778646197546564
2143,0.4231420175701307
2144,0.9742867800034163
2145,0.33475450895329534
2146,0.6314368997752915
2147,0.4034008673947015
2151,0.7616622222817528
2152,0.8492506430141844
2153,0.40149271331008296
2157,0.11826011846213533
2159,0.6138012807412686
2160,0.5384551188816405
2161,0.6623043523975909
2162,0.45857242365599343
2166,0.7453981547860848
2168,0.996296667110262
2170,0.3486786752624971
2171,0.31644108993714043
2174,0.6800200518416991
2181,0.2546702507420457
2183,0.3360285159088492
2185,0.6934931920545127
2188,0.40798854755958763
2189,0.9797810850209592
2191,0.7734845821301843
2192,0.9162126424436644
2193,0.32024730717127003
2194,0.8998385396495844
2195,0.21482052646128846
2198,0.6487140303374427
2199,0.40472596506920316
2200,0.6006482849151019
2201,0.024341455895991057
2202,0.9258330902380595
2204,0.9060963219725591
2205,0.47202913234795285
2206,0.36617615147169386
2208,0.4716251731478291
2210,0.21999112769069576
2212,0.5246614918936018
2215,0.9946748872691262
2218,0.7667954098046568
2220,0.9348713858277294
2221,0.7908778049929763
2225,0.9916916340805132
2226,0.3321480088325421
2232,0.4618501079440462
2235,0.3771183874208741
2236,0.5514753229430092
2238,0.4057600176676285
2240,0.9844727006892926
2242,0.47210221324808754
2243,0.9901374852400894
2244,0.5145047629287057
2245,0.3622853515011865
2248,0.6789256336349703
2249,0.49608140581931554
2251,0.2843928927700115
2254,0.8328996355550211
2255,0.3323811927461612
2256,0.19449520084773694
2259,0.24995339500445365
2260,0.9240507222717298
2262,0.211041788498698
2264,0.9842841113823079
2265,0.9192792258088399
2266,0.1678405629544808
2267,0.4160816867157069
2268,0.6275029760435601
2269,0.8173519335339064
2270,0.35814650152765287
2271,0.5021562981966802
2276,0.3931875357191823
2278,0.8973800625026123
2279,0.7132964710447423
2281,0.6709076199612772
2282,0.3565503351553889
2285,0.4025531490543664
2287,0.9471640242567599
2289,0.8125812436848739
2291,0.8114261387015056
2292,0.7634500017108231
2295,0.732615259096254
2297,0.450854193076936
2299,0.9340228537452192
2301,0.9955155732496946
2302,0.8654153571059683
2304,0.9092267134153622
2306,0.34019093125038263
2307,0.9155554315807481
2309,0.6545427732705114
2311,0.6156470490631193
2312,0.9962632632846042
2318,0.22645137830124762
2319,0.28878257651088385
2320,0.9900577574639029
2321,0.9729652643499104
2323,0.17309750826053438
2324,0.3090104769406795
2325,0.497910019295581
2327,0.6402113975976397
2328,0.8003250049485874
2332,0.9443010975374047
2333,0.2803812904850722
2334,0.7797101333344499
2335,0.8660401308728365
2336,0.851373688801769
2337,0.3643862750881663
2340,0.6190319177886248
2342,0.9959477709927291
2344,0.9870993023040965
2346,0.4957116716254879
2349,0.5155879168528206
2352,0.1590185369957378
2353,0.4015938417629417
2355,0.49689399713549837
2358,0.2799532836819998
2362,0.39706575675740463
2363,0.3035629431741836
2364,0.4660506452277106
2366,0.32409379391218135
2368,0.5989752764674279
2369,0.4256293618426848
2374,0.7298680751576944
2377,0.9163462106028435
2380,0.6714192577224214
2385,0.2502333775264402
2386,0.19906967469224804
2387,0.2977055909759776
2389,0.2943459522910318
2392,0.3083271765977095
2394,0.5065581769087288
2396,0.6239276528337376
2398,0.48284083749967904
2400,0.5022602186871523
2401,0.21700585988722768
2402,0.710635963660141
2405,0.15960779303029593
2411,0.3211835949155534
2413,0.7080512338158865
2417,0.9837777275813184
2418,0.9164118806618363
2421,0.38496777408401844
2422,0.2651726951718587
2423,0.23612701090958588
2428,0.9831952667568749
2429,0.6210083377237331
2432,0.4872527188256901
2433,0.37158090936310545
2434,0.37772128486326545
2435,0.3413123117936606
2436,0.28030730426100037
2439,0.20322134413034446
2445,0.8379337391379595
2446,0.9557064023819987
2448,0.7188224665316874
2449,0.8104294816133696
2450,0.2993759574674384
2451,0.23680732569044413
2453,0.8595928505005365
2455,0.7643270881824695
2456,0.9076966765586655
2458,0.7200355247522612
2462,0.5604539416512546
2465,0.9131289609453846
2469,0.7783629074564777
2472,0.4912629909833873
2473,0.8640144908818994
2474,0.7057280584985028
2475,0.8028133189407608
2477,0.43754405823778164
2480,0.37744574433611516
2482,0.980690115921357
2483,0.9230937348889915
2486,0.1639550609596105
2490,0.21704098232154914
2492,0.9933562587424706
2493,0.3776634667779361
2496,0.20407078331951803
2498,0.3701152863632562
2499,0.8465785293056178
2503,0.5319047407117315
2504,0.3350407892297902
2505,0.4929876841232898
2508,0.7003176413478276
2509,0.9582456014271753
2511,0.6635340419182739
2512,0.4070788133476737
2519,0.9511352944048456
2521,0.7207403025145598
2522,0.22166265862546033
2524,0.2237538152993097
2525,0.9737292000635217
2528,0.9622446645528869
2531,0.8318862100920452
2532,0.2968144750647038
2533,0.19082400786002973
2536,0.7184191394207107
2538,0.7310166124802507
2539,0.15643643916218228
2540,0.3484603324024137
2542,0.7419041108530458
2545,0.8564289818142734
2547,0.18290455520775972
2550,0.9907315845027667
2552,0.2484698637072678
2553,0.3430527670185338
2557,0.7839740691984999
2558,0.15718371426449881
2559,0.9992714286277559
2560,0.15980209784390892
2563,0.9634708973101058
2566,0.9373046185821804
2567,0.6837483934421457
2568,0.7696086509835932
2569,0.7685250674824725
2570,0.39139941793143956
2573,0.45735896329573394
2574,0.3626331510145559
2576,0.9748830014750727
2577,0.1719443437134543
2579,0.17894181721419464
2580,0.9988577350805017
2581,0.47434986026935555
2583,0.6668335264680749
2586,0.9497530318913808
2589,0.9842173814211104
2592,0.44893897753797474
2593,0.6564622667942084
2594,0.9791148056800967
2595,0.49190944053148766
2599,0.6390866511768261
2604,0.168268420393235
2605,0.9468738959401816
2611,0.8391843964409231
2613,0.6987895840396641
2614,0.33255875015222647
2617,0.990446803512224
2618,0.7530942346848182
2619,0.4996766141868072
2626,0.221990053982622
2627,0.25645469290731315
2629,0.8566734865872985
2630,0.8799161641641231
2631,0.6697217762327519
2632,0.33734463914072893
2636,0.8678618457760224
2639,0.9590631061206442
2640,0.74203709016307
2641,0.7518201368738854
2642,0.9669236823039662
2643,0.16278323582271143
2645,0.23593743046973414
2646,0.9354826013132806
2648,0.2461025400480726
2653,0.49181233481307846
2656,0.9785075617453173
2658,0.33301565679560946
2659,0.9932096757285998
2660,0.19206845921017884
2661,0.9821343936611244
2663,0.5052239404995752
2664,0.9380236513518735
2665,0.9842880631587408
2666,0.9907478668524464
2670,0.806868020532381
2671,0.2861961992176422
2673,0.25387062881284345
2676,0.5928073354852618
2681,0.9448127910473493
2682,0.726397494968307
2683,0.7698409440684891
2684,0.03651382288351854
2690,0.9933736091623587
2691,0.7882534703814384
2694,0.011483791315123327
2696,0.3367605279507646
2701,0.9792722778108081
2702,0.8305091219629804
2703,0.9020824219952829
2704,0.7308493543152723
2706,0.24836755376604336
2707,0.9814537330617649
2708,0.42313611142833435
2709,0.8559352249294935
2710,0.4795271811156499
2711,0.3361145002388885
2712,0.3422737305289415
2713,0.22486850620536214
2717,0.4183145465451467
2719,0.42904342634514325
2720,0.8075245953272774
2721,0.39195238186695536
2722,0.33944132175829633
2725,0.6692990415009171
2726,0.8288348868715928
2728,0.5871171763755497
2730,0.8867353908496267
2732,0.7235587116607374
2734,0.7546643034073648
2735,0.7333815176863454
2736,0.690547271826852
2738,0.5740040022247834
2739,0.2018806114840482
2740,0.9742650705481547
2741,0.47749847715036453
2745,0.4776886417033974
2747,0.4917753872008994
2748,0.7930801588831681
2749,0.9982772561490602
2752,0.44250155387657986
2753,0.8415784502693151
2754,0.5708246780192534
2755,0.9887264115640069
2757,0.5088131806235384
2759,0.9298856170588962
2760,0.9147155532024637
2768,0.934791221591152
2769,0.9892587014036347
2774,0.39497138158371414
2775,0.33949811165658295
2778,0.9234400567080743
2781,0.7774841971265386
2783,0.9974518536589719
2787,0.564888250488093
2790,0.5165178980342428
2791,0.33709222632093844
2792,0.959685327871352
2793,0.6187110163801718
2795,0.477833618428785
2796,0.8909599728142167
2797,0.7940395289008289
2798,0.48433307287621935
2800,0.5183728871277368
2807,0.9837185094052903
2808,0.5310980088146735
2809,0.9120326610740533
2810,0.49577854334329496
2812,0.36596760592404387
2813,0.9965036557606782
2815,0.7115246680078119
2817,0.37665818529021006
2818,0.47485731438547646
2820,0.8854200396479383
2822,0.7481124059925834
2823,0.7579306339288244
2824,0.42163905474302116
2825,0.4279017934224625
2827,0.9373590382203565
2828,0.9050586789657348
2830,0.2966531066829203
2831,0.8771683170897147
2833,0.7862987291520928
2834,0.7156951974932668
2838,0.13218800205649456
2839,0.447894938970217
2840,0.952872159524255
2842,0.9654809261207361
2843,0.8072948974212855
2844,0.3551483120009575
2845,0.36979315223147746
2846,0.19937135455819713
2849,0.44410672014311786
2850,0.7368471305069165
2852,0.3429200641874069
2853,0.26435879872324836
2854,0.5122533147133387
2855,0.8631755200909299
2857,0.9226714704272136
2859,0.4926787055379407
2861,0.8506715747050027
2862,0.9647732717228271
2864,0.6274497832085678
2869,0.6341030580944464
2870,0.9726602197473234
2871,0.9584591054325114
2876,0.8768270121890152
2877,0.9981659271998397
2878,0.7637760752823191
2880,0.9377125413750651
2882,0.486890462139137
2884,0.9830543532087473
2886,0.953854490448617
2888,0.9736208535366405
2889,0.6085621711625943
2891,0.9599719314401668
2892,0.9738009542192476
2893,0.9901135177471524
2895,0.2794294427820568
2897,0.8754435725249335
2898,0.9349882775278993
2901,0.5100989230767154
2902,0.7964815711531829
2904,0.8137737998785043
2905,0.9914205099378343
2906,0.21214028150966108
2909,0.2190731451878557
2910,0.6781984396788507
2912,0.8709032658784324
2913,0.44796265197842744
2915,0.717927823466485
2916,0.23117875146248837
2919,0.4812059018193546
2920,0.7789408037626787
2921,0.4549960987413053
2923,0.4377901879099234
2925,0.2242744292537269
2926,0.36922490441683364
2927,0.9934961750927056
2929,0.8667881789853262
2932,0.5141439842672508
2933,0.9581169097362449
2937,0.7285179986200687
2938,0.9901719030286095
2939,0.9608866139358909
2940,0.49189424844827884
2942,0.9845232235696779
2943,0.9171884829461299
2945,0.444747942341109
2946,0.9870082532503597
2951,0.5019969125196146
2954,0.9473684633613324
2956,0.17985453177401722
2960,0.34790625712872664
2962,0.5395196205608563
2963,0.4014212977641174
2965,0.7436904185387363
2966,0.49697129491854386
2968,0.77400952299587
2972,0.46348782411766526
2973,0.95687042832233
2976,0.5317104117762115
2977,0.4938295256473981
2978,0.5475976151185799
2980,0.8931962517807919
2982,0.4358042185089448
2987,0.9015446128994647
2989,0.9972581686225994
2991,0.7366190880645752
2993,0.9194820919609398
2995,0.7341388035877243
2996,0.752989255616247
2998,0.9991660679435563
3000,0.5515364928873512
3002,0.8465118115934821
3003,0.9728559617599194
3004,0.9876332436527923
3005,0.8279259837786543
3006,0.3061652467226862
3011,0.35154150924871685
3013,0.48036982078956514
3014,0.9336444630347428
3018,0.9728946690432656
3019,0.9910495393232802
3020,0.9074367479803078
3021,0.7448211865142014
3022,0.4811623449463856
3024,0.6940270732419496
3025,0.5243582082425314
3027,0.7973017727635576
3028,0.6270024555385992
3030,0.9279168442410566
3037,0.8888889649917147
3038,0.7106994172986133
3040,0.31755256898608664
3041,0.9991393166361725
3042,0.3348006257324216
3043,0.2653057710751472
3046,0.9946087842507331
3047,0.8675174793613872
3050,0.8466270681795192
3052,0.7216702773691542
3053,0.18748405911679228
3054,0.7313608725807391
3055,0.2968207785662879
3056,0.66382371793469
3058,0.1233403438840611
3059,0.2577413221633479
3060,0.9976123679189018
3061,0.8773069378974512
3062,0.9764799064125466
3063,0.9254543682963166
3064,0.9951389022924522
3065,0.20685675143363422
3066,0.3268557638377475
3068,0.4375325556213091
3069,0.2599027428205283
3071,0.721073593242412
3074,0.9920689934718493
3077,0.5291824644488419
3078,0.8647012123310657
3080,0.8773689664997323
3081,0.6220758682194331
3085,0.27155968318152335
3087,0.990977209187069
3093,0.8630610792150898
3094,0.705910114067153
3100,0.4623164412536492
3105,0.33867070353386375
3106,0.993035613033469
3109,0.6143549816706576
3111,0.8152119458626156
3113,0.9788048652409043
3116,0.3416762121674179
3118,0.9954519640815173
3119,0.2546736719601236
3120,0.07151674336829962
3125,0.839175902788156
3126,0.5989264708304335
3128,0.32362916323827856
3135,0.999782328755645
3136,0.8986891231202876
3138,0.8673967295865966
3140,0.8019289121847437
3143,0.35823685028741165
3145,0.8011525265786055
3147,0.619084932328985
3151,0.9950032298680352
3152,0.7313468314786229
3153,0.6365020916548161
3154,0.6574958343236743
3158,0.39869483743177564
3159,0.7259150654578976
3160,0.6026718183188713
3163,0.4451538998100372
3165,0.9929685368882089
3167,0.4188935691050018
3169,0.7414510021779953
3172,0.5688695640913081
3173,0.7532867443643083
3174,0.9180848664949611
3175,0.937173480003908
3177,0.7861359783687092
3184,0.9795517909065306
3185,0.7936078686091396
3186,0.8764566156286532
3187,0.6982863745362501
3189,0.9454253647701509
3190,0.665235488131325
3191,0.653623812536568
3192,0.6952274469967448
3193,0.8504387839321605
3194,0.20636673840573122
3196,0.9700022130485263
3197,0.9745948966005336
3198,0.9712259148354715
3201,0.8158278290888477
3203,0.1616181186662592
3205,0.6495720705294852
3207,0.5044582037576052
3208,0.8769424717536246
3215,0.6833349701179267
3216,0.9449987647063555
3217,0.38785902007685724
3218,0.9966723448679073
3220,0.9576922460562055
3224,0.6276889311867738
3228,0.9897581135004551
3231,0.6730833266474067
3232,0.34970163083087086
3234,0.9971434610794445
3239,0.7344681313646583
3242,0.9753506240284165
3246,0.08981462201661304
3247,0.16148498061376707
3249,0.5169695152525378
3251,0.98491039532369
3257,0.718147336269497
3259,0.539840176083321
3260,0.8702409795700619
3261,0.76934333117686
3263,0.7907105083693381
3265,0.46329164850626636
3266,0.7966031208439183
3267,0.8362695897221444
3269,0.9944092192727721
3270,0.7045862662539563
3273,0.991369759897231
3278,0.9559883787190444
3284,0.7267718777010049
3285,0.202446375509882
3287,0.3795062881909647
3288,0.8777130910542693
3291,0.2696630374393495
3294,0.8903107252301028
3295,0.22723795962324891
3297,0.23392670396363363
3299,0.5152278659762518
3302,0.7259695468609529
3305,0.9964349233090439
3308,0.9900984141859903
3309,0.5908173971863986
3310,0.5908317762515166
3311,0.29627335101887764
3312,0.2811716828931277
3313,0.9905964684767228
3314,0.515530680366575
3315,0.46285834581763574
3316,0.9789578576973702
3318,0.36334271300784676
3319,0.9948329071680163
3320,0.5724162193176751
3322,0.9754622520786009
3323,0.9841552040675503
3326,0.8931252947660302
3329,0.8852321677975975
3330,0.06575493975332475
3331,0.9024187089967937
3333,0.8895227052952767
3335,0.9765727018711148
3336,0.9537126062728988
3339,0.21355722275588052
3341,0.9943803714505234
3343,0.9435669009096758
3344,0.6943029955478132
3345,0.22002921358347274
3347,0.9685138538612756
3348,0.3672200761871721
3352,0.9749357380659036
3353,0.4764485010051631
3355,0.4264961408268443
3356,0.8421541924198328
3357,0.9893030653738691
3362,0.9338194848907349
3365,0.394815752841559
3368,0.8944500092690825
3369,0.5190907192018475
3373,0.35817093538625366
3374,0.6698364340412714
3376,0.9778280343656188
3378,0.8877212176934013
3379,0.9934445171936399
3380,0.5706432606181501
3381,0.7238424506299216
3382,0.9846117634091048
3383,0.9839880374918678
3385,0.8667293658398899
3387,0.66355323553233
3391,0.4257645932110356
3393,0.24448178931497053
3394,0.9976968001689963
3397,0.9473404645179314
3399,0.9824399790053713
3400,0.4955819913021213
3405,0.4465386005626736
3406,0.99963997066811
