2,0.22121473431588573
3,0.15982833201819036
4,0.21357619530268263
5,0.39949048038896035
6,0.5118206235455726
7,0.24353711056787455
10,0.190536418473643
11,0.32773270370288415
12,0.015977368788448694
16,0.27185847113694683
17,0.27199047701146667
20,0.3733017906473267
21,0.21824881605943386
22,0.23281673821007065
25,0.23166331167959492
28,0.17719557189695725
29,0.15583374406570893
35,0.3149757296167519
36,0.30090580217643864
37,0.24347056983611015
38,0.22141173050747592
39,0.17973377369103027
40,0.21320769183803626
41,0.3534841844658654
43,0.17117908209043597
47,0.5052729243502654
48,0.24510239382621207
51,0.15282475852707078
54,0.23188037954767257
55,0.17728715526368563
56,0.17761496895478915
61,0.3292343480368429
62,0.29944867844972656
63,0.16860631105951382
65,0.21232373345282576
67,0.18081083759214073
69,0.19153792910937276
75,0.4084286852885709
76,0.16517748346908862
78,0.3044176487440912
79,0.35225236358253975
80,0.280021505986408
82,0.17704154764050709
83,0.30129842921034156
84,0.21710857394250896
90,0.5129236088179046
91,0.4112104872167354
92,0.1784509714693403
93,0.2621015558049013
95,0.18851806997064788
96,0.18579678492615723
98,0.17263065183679166
99,0.4778113380632246
102,0.2180448017926435
104,0.3394904921431256
107,0.23174376528176757
108,0.16952921679969293
111,0.20181341774602501
113,0.2252173207099079
115,0.17059630043482577
117,0.3257501130412478
118,0.41511919316455603
120,0.2180923045603825
123,0.23728625600270337
126,0.3577377135110259
127,0.2706482405427532
128,0.3578096979733725
130,0.49537806470421725
131,0.32783180101078757
132,0.18002700800519297
133,0.20558294895249704
134,0.18872057138067883
137,0.2890549111404815
138,0.5629989796331184
139,0.21378175699494883
144,0.44991638862080774
146,0.20742070651976993
147,0.2773813305261226
148,0.1791637141194629
149,0.1869590016006859
154,0.2275549683342911
155,0.34027528569530185
157,0.16181341866564516
160,0.48768858553089706
161,0.2732828922277391
162,0.30902363467275357
165,0.18622023390754408
166,0.19051452725906548
168,0.18444469338475564
170,0.22325735448571757
172,0.17680249449465102
173,0.1656942693532954
181,0.15348020252879596
182,0.4141078600057367
183,0.41832996567893366
187,0.3891394825111138
190,0.1814682711708758
191,0.21962315710012273
192,0.22000170414963238
194,0.3250271576958978
198,0.23623307323373463
201,0.2919346866830944
202,0.19418728845366715
203,0.2321758954171399
205,0.1607800938921739
207,0.6522802696837858
208,0.15760438003839417
210,0.30950918793930693
216,0.26427454055510413
217,0.17231958154338273
218,0.317281027960828
224,0.2092673324297766
225,0.27753227621003396
226,0.2538386503712529
229,0.4841015147909127
233,0.5794632849401453
235,0.2727103390324684
236,0.23001906562719338
237,0.2811826767090267
242,0.23488838406851043
243,0.2330421969089818
245,0.25379607431756207
246,0.17913458563875026
249,0.3306789070370106
250,0.31532590352158774
251,0.4013048541322172
254,0.17289955054737766
256,0.1643228332354447
259,0.24327102829695982
261,0.9913848988779759
263,0.18406252303691525
265,0.157283263823939
266,0.7247630880904982
268,0.19782477081439043
269,0.4259485680665865
272,0.45840686563426436
278,0.21929617600085846
281,0.17825404223746233
285,0.2654076697971543
286,0.28149550342514335
293,0.15692599462806095
294,0.28623350188634894
295,0.1628789143712465
302,0.2301728170929069
303,0.44368618388918535
306,0.24635142444582053
311,0.3382882834214178
313,0.17005187722312193
318,0.34395088436909643
320,0.3030208005961906
321,0.27729117661135644
324,0.16968287552470596
327,0.25761679359217576
328,0.1726558286043007
329,0.049216369719303106
330,0.22289740465643687
331,0.2111358015926112
334,0.22819383401026466
335,0.1638453012929028
336,0.2628039982653756
337,0.1767131116022784
338,0.899269834075642
339,0.18812885394386988
340,0.3255118960432279
342,0.17647356270975045
346,0.1578345845777913
349,0.3420608619978557
353,0.5452502709507725
356,0.1934526777694731
357,0.18944014026309108
358,0.1590188541941427
360,0.22186249859228288
363,0.246826672306734
364,0.17033352151916895
365,0.2537075934010927
370,0.33540998291697066
373,0.2776463632348851
374,0.18136007383285185
376,0.2441632925190911
377,0.39400078218003576
379,0.3320989432912714
380,0.17851475712202447
381,0.16636351021938306
385,0.22801918976223623
386,0.631875771259555
389,0.1687266152603254
390,0.18117148925169024
391,0.17233483920446968
392,0.15772192524447648
393,0.35081921443037656
396,0.24890833034145932
397,0.2947882565479085
398,0.16290834397931875
399,0.4188376364697533
400,0.19856490135900176
401,0.1860905619630852
402,0.17318785131154502
404,0.27471022669605993
405,0.4131744407204882
406,0.40813468642389555
413,0.18731689378714486
414,0.162861669865221
418,0.23575388250951082
419,0.1927867545588417
420,0.16435932123326236
422,0.23021361202282545
426,0.22400165112405196
429,0.163707608950823
430,0.17347350979031365
432,0.23182694157666645
435,0.26480836649570055
438,0.5989607130365732
442,0.1671090158748255
447,0.3756955336795546
448,0.21877092909881504
449,0.35280953419263683
452,0.22239670064865527
453,0.6685118603081163
454,0.16845482416283278
455,0.40538639397517867
456,0.21707989348269022
459,0.2449993854803014
460,0.27397121303320826
467,0.2957134352799463
468,0.30748617974087816
470,0.2509468723182916
471,0.33492522727176505
474,0.3666847317999561
475,0.22541143847436756
476,0.16648562655441818
477,0.2719474251913301
478,0.2076270443542576
482,0.22120089243773194
484,0.17969074256636208
485,0.16984049342635574
488,0.2272548333285458
489,0.39474000042826035
492,0.97772561348078
493,0.22347766348428086
497,0.238989413658799
500,0.46323797407790496
503,0.4216212687413741
505,0.1748211696764082
506,0.19434151787730847
511,0.2537454707114921
513,0.21115687060191796
514,0.5277397076528335
516,0.2442050779647615
517,0.4675677862119548
518,0.46171948209001623
521,0.2128494567885095
524,0.17459114334123046
525,0.36886153072825567
526,0.18076789338139232
532,0.29610749402865866
535,0.02543582201475246
537,0.49216772502594286
538,0.17669951284423552
540,0.23355343104926377
541,0.2051972176696091
542,0.18389495059637914
546,0.21482887526781633
547,0.4188031797661678
551,0.20322517315077443
557,0.29157297193115095
559,0.3363743131307411
560,0.6706970670300583
563,0.8395758150868092
564,0.17905996304219413
567,0.18382730205957237
570,0.19296406521678391
571,0.3214606224183164
572,0.15544967086811864
575,0.23578431562800412
577,0.17245975580832387
578,0.28360771904832716
580,0.552488078098693
581,0.21615493904142596
585,0.40397786255897694
586,0.3416375231160213
587,0.9121219958086635
588,0.420480383066635
589,0.7507535013516465
593,0.25169470584576464
596,0.17379785966838598
601,0.5085211701713586
604,0.4565899110253178
607,0.24016378045550385
609,0.3004053144052279
610,0.32633232058154366
615,0.36974949843643085
616,0.40206486304125977
617,0.322377817500703
623,0.2777911359534114
624,0.3340778971286251
625,0.3357417307623284
626,0.2533330778883366
628,0.262441891855079
629,0.49570827351691926
634,0.271990850973269
635,0.41780891095918476
636,0.23688015447707764
639,0.2350923074869188
640,0.35238212235478705
641,0.6185119687055819
642,0.22647595049904187
646,0.2913997268545305
647,0.3388341130732763
649,0.18942045598972856
653,0.4732001162445591
654,0.40726719329570393
657,0.30682516419748507
659,0.3898527146172615
660,0.427093457266677
662,0.26989338548370545
664,0.23081294403930594
667,0.26839516126444174
668,0.27897985602160946
672,0.2206357289767212
674,0.27812251911392094
675,0.32431939254928965
676,0.3299187663411235
682,0.168059176678871
684,0.40387557158357845
685,0.34854470170891844
687,0.19908585166529913
689,0.46053329806775695
690,0.32307581826871334
693,0.47893872562268064
697,0.39175655413995303
698,0.23617935997207146
699,0.37298114954676387
700,0.18845062065879345
702,0.20215441239956544
703,0.22795127134681115
704,0.44911126484404584
705,0.5170917823296954
707,0.3259054841521771
709,0.27075160910464197
710,0.2012244322463439
711,0.1812092508231104
712,0.20878477600253242
714,0.32907145849831054
716,0.6103095884335256
717,0.1980346697009564
718,0.4420874883109352
723,0.25150138294774266
724,0.22254819698771822
725,0.160175048133691
726,0.5176378521718041
727,0.5285534686709243
729,0.17648184586075688
731,0.1953246774795441
733,0.17857138764128927
736,0.3319895599864931
738,0.2312569913193516
739,0.3814643211181906
740,0.44155210754520063
741,0.4281936162310426
746,0.38986943416375586
748,0.42118221453759497
751,0.7114492148970644
753,0.15701886463335774
754,0.3626507180748577
758,0.2755351914607328
759,0.17557485647349996
761,0.20203073970647215
763,0.20164645353873822
764,0.8640849863175722
767,0.15848016952862706
769,0.24614041101494108
770,0.17880500346179817
771,0.39164630391167876
772,0.27004947228497744
774,0.3858660751113248
775,0.1962596230922127
776,0.1833756843347526
778,0.9499894615073621
780,0.33633813612037916
781,0.27104376096073557
785,0.43933164792877055
792,0.18905844859104975
793,0.45759400785379123
794,0.4711092805621008
796,0.19244294778545765
797,0.49377173416594894
798,0.5346300107554551
800,0.3131527594355569
805,0.15594885458380342
807,0.2551816363705553
814,0.36572785441018446
815,0.5606370656307611
816,0.7987985761255275
817,0.3915478114192313
821,0.24647548751017564
823,0.32455650504738953
824,0.33131084475207373
825,0.1803332129330019
826,0.18104207330714037
827,0.2743236001150705
828,0.2425326109637777
829,0.3707249783514969
831,0.2137485612582553
833,0.1844866380583969
834,0.37162810034565996
836,0.8770888114212994
838,0.3999117907480338
847,0.39691232887353023
849,0.4037521735895598
850,0.50713639771056
851,0.34263539557437606
852,0.1809422940241026
853,0.22926228873117283
854,0.4214846093771607
855,0.5324309981144357
856,0.9518388188500216
861,0.438523735605987
864,0.19185430607450832
866,0.1984511492476141
869,0.35733855352329463
871,0.7127807466717676
873,0.23725729397176015
876,0.17975548723218296
877,0.7134978652259443
878,0.3630250181501182
879,0.4729687063950965
881,0.40324794646879764
883,0.6962012752090048
884,0.25452853145678556
885,0.34693041608560876
886,0.9208782635332675
887,0.26639160470799683
893,0.3335710329699262
895,0.6253516077919351
896,0.4513000356367485
897,0.5371301391110698
900,0.4055761385487983
902,0.22212190865976283
905,0.21531379174053117
907,0.17777973936103972
910,0.36937439829668317
914,0.45563350640955774
915,0.2404137282908882
916,0.7117815823491861
918,0.27843948965504617
919,0.8898175963454461
920,0.18127875784380737
921,0.3638729781382883
923,0.22716569384844174
925,0.8632524531992157
926,0.9747260898951092
929,0.3429568108151608
934,0.2435460832518692
935,0.3655992757672346
936,0.23896639085578658
937,0.7654092031655084
939,0.47100528921191054
944,0.28815712918963976
947,0.3477927782714714
948,0.8085611889466704
949,0.35592066534568007
951,0.9363566390853343
952,0.26439237009729954
954,0.2977848840465061
955,0.2598004476110441
956,0.4024449891084862
957,0.20696516208222027
958,0.23500553503143526
960,0.42299287919191464
961,0.45201932883395707
964,0.20568064166791966
967,0.24160206968453615
968,0.3797156282748906
972,0.353204419752786
973,0.416792414560494
974,0.040383153111399214
975,0.15788285367999383
976,0.24505437937673843
978,0.7008089598202183
981,0.3862025198246465
984,0.39436827212791103
985,0.8597109759626478
988,0.40647585109838086
989,0.341007213012464
990,0.17191948551321348
992,0.20311522949538785
993,0.4295445035894323
994,0.21762421068050508
996,0.374605205554551
997,0.2193451796712506
1003,0.3933508698835504
1008,0.34031674801566214
1009,0.49642997930735583
1013,0.18106755773019395
1014,0.32325352375427874
1016,0.16395969211630684
1017,0.16918695554212398
1020,0.22927320774031926
1021,0.9646220235347085
1022,0.24662800630684642
1027,0.22708458077056273
1029,0.3255577843165521
1031,0.39602850047059573
1032,0.4566668008579422
1036,0.16931987763310494
1039,0.4474932104099823
1040,0.8359463960114646
1041,0.16632767992501674
1044,0.7047507681510088
1046,0.22593091385353986
1047,0.3927107638313874
1050,0.38832851837873145
1052,0.3344971469003281
1055,0.6583165696771093
1057,0.5020557382252321
1060,0.23946673857177436
1061,0.7452471638352038
1063,0.18076082110988506
1064,0.2654982855137928
1066,0.39951763932876805
1067,0.26471925286316333
1070,0.8720456307558051
1071,0.3258608506673087
1077,0.9253326156928159
1078,0.2236444151564106
1080,0.337079295134928
1082,0.27536279475452285
1083,0.36712195724572505
1084,0.703676945383567
1086,0.30972022994106896
1087,0.22107887813739655
1093,0.27237630576877664
1096,0.28441909058760007
1099,0.3623727347122847
1102,0.2783483314623765
1108,0.7570879035642754
1112,0.4284676337791963
1113,0.5743759083297104
1116,0.9519303698164489
1119,0.48321287600599405
1120,0.19062128656454644
1121,0.588192926468055
1122,0.5045839275170438
1123,0.2622746630520008
1127,0.23166517185767524
1130,0.7828607037850939
1131,0.2669628121428508
1132,0.2570145743487647
1137,0.40984119835101385
1138,0.7715573401752719
1140,0.162976908667715
1141,0.46465256066640465
1142,0.3434945483631558
1144,0.4561558574644212
1145,0.8192930643637389
1146,0.8333067566940222
1148,0.7995272472189254
1149,0.49024878317451454
1151,0.47128673110475416
1153,0.5480883841350244
1154,0.8540931103012049
1155,0.8717500988710624
1156,0.3083410538868131
1157,0.3373251907526741
1159,0.351409642783791
1161,0.25707764582679576
1163,0.7152350953907799
1164,0.30229712323469976
1166,0.8934381520365354
1167,0.8737097958050167
1168,0.4964991375571994
1169,0.8174072584526282
1170,0.33888163240717256
1171,0.7469095652908246
1173,0.2304066847083006
1177,0.3512460004885358
1181,0.15769780360310365
1183,0.2634650416884724
1184,0.2865045827293722
1185,0.22767356671774067
1186,0.36217900876657705
1187,0.7847124481862837
1192,0.16593065049866287
1194,0.32901395835365643
1195,0.29348329372767085
1198,0.2899852610248055
1200,0.6409710354591117
1202,0.6727940190813162
1203,0.8951153267667808
1204,0.028150326110843477
1206,0.4455205956619531
1210,0.3063576689277792
1213,0.46487501785032087
1215,0.6007058765282521
1216,0.6638368539330763
1218,0.27428616040053483
1219,0.4468626336186789
1220,0.2402441191676461
1224,0.44151535787947976
1225,0.7967075951401392
1228,0.9722963421156938
1239,0.295662962089897
1241,0.20833405065267174
1244,0.5941924321437082
1246,0.302684429478045
1247,0.3361782332261621
1248,0.37763062961320615
1249,0.42243447805175544
1250,0.4231153912803144
1251,0.7203205950152276
1253,0.3748815327419095
1255,0.31199035279917353
1257,0.2804446024542097
1258,0.3087611940805155
1263,0.3441204523844712
1266,0.3537523627675914
1267,0.46501142559891945
1268,0.49955769516626264
1275,0.35238421214562693
1276,0.4901920367753394
1277,0.6408945332305646
1278,0.7908643311098635
1280,0.41156205337511603
1281,0.4803062496466558
1282,0.6710546018959788
1283,0.4048085441914113
1285,0.8441794523817732
1286,0.22066507007115743
1288,0.2818147866505638
1291,0.4596784282228934
1292,0.9332510172627274
1294,0.4607943675834249
1295,0.331694110809451
1297,0.9834318202427379
1298,0.5241900057454603
1301,0.3158028751692205
1302,0.26981810747373625
1304,0.38544081312968737
1305,0.30403363819926954
1306,0.16030674957450583
1307,0.44208022532271724
1309,0.5427883965491355
1312,0.5270848494370667
1313,0.9920293787549523
1315,0.3285996287692636
1319,0.4034951127511594
1320,0.6026310042252467
1325,0.3691321702540364
1326,0.34530076311801905
1328,0.511067147617822
1330,0.34370541079894507
1332,0.2754291613231098
1333,0.305570003980943
1334,0.2880257635073751
1336,0.5346874444495633
1340,0.15589429648535308
1342,0.6238992737659006
1343,0.8143556734320495
1347,0.19308312275894798
1348,0.9870482853715273
1349,0.3501792617639785
1350,0.9692020417405989
1354,0.3829904541334038
1355,0.24727135388407429
1356,0.1633019364564008
1359,0.8919952937996604
1364,0.3086154826284032
1366,0.5932680961828607
1368,0.9774821975439107
1369,0.4056357733791586
1370,0.19596428743606736
1372,0.1135177985051558
1373,0.2560415369466142
1380,0.33713677855156654
1381,0.1576438824620705
1383,0.3011662601204423
1384,0.22236886624928132
1385,0.47817219981943027
1387,0.7672525964580964
1388,0.19056108012395603
1389,0.2817528031185467
1390,0.5279338803675662
1391,0.3842217383326808
1395,0.9564028342663051
1397,0.2047088867585393
1401,0.46714375319517676
1402,0.857554734704416
1404,0.21510839318533231
1406,0.1760273593362616
1409,0.2747560027288187
1410,0.16452587159974363
1411,0.46097517097913615
1416,0.7050101506005158
1417,0.6102725640006207
1418,0.8250376976336106
1419,0.6709529939905262
1429,0.21060539647153578
1431,0.5095949187425517
1434,0.8762791676419482
1435,0.8692527879731442
1436,0.1764438946747916
1439,0.9830894495875749
1440,0.39910407283538085
1441,0.553700797385543
1444,0.8274066069538184
1446,0.33612818062923466
1450,0.2878724929877813
1453,0.8450554904388423
1454,0.930863183498054
1459,0.15495217380606338
1461,0.20108429466099698
1464,0.5138319754843385
1465,0.43115018407148337
1467,0.26076030674975675
1470,0.4719376642374147
1471,0.47135088348977167
1472,0.41733748182370084
1474,0.8793887145800142
1477,0.9694126927158094
1479,0.4872738627907903
1480,0.5220347065843881
1482,0.17566779022673015
1483,0.7978308837776685
1485,0.19472493029020393
1486,0.751322683929628
1487,0.7448755665359813
1490,0.6126677373184984
1493,0.1491205388291989
1494,0.29729577635214954
1496,0.5965163550072841
1497,0.9327836325221873
1501,0.6605234127456797
1505,0.46795515972839813
1506,0.8581397771518616
1509,0.16265044035428836
1513,0.390192454412486
1514,0.3359118614980992
1516,0.4575824419444241
1517,0.16167102611638323
1520,0.4197517662143444
1521,0.22641448813829174
1522,0.9226281513708259
1523,0.8289075326634404
1524,0.345659245831447
1525,0.1611052900226864
1527,0.17406697800522525
1528,0.9489405324849357
1529,0.954932641776612
1530,0.7463578610524555
1531,0.6160428187600693
1532,0.6271811418433694
1535,0.3863739471637677
1541,0.4232275476574891
1542,0.4118978712224741
1543,0.37517535520110185
1545,0.3452887159451446
1548,0.475452650916138
1549,0.4789279364878504
1550,0.23082757257032907
1551,0.7145021874954094
1556,0.41164230490583004
1561,0.6017399090910731
1562,0.40773943946161467
1563,0.48934615936575154
1565,0.3541626819050886
1569,0.7048212148554669
1571,0.16073117608088855
1572,0.3894863949271149
1574,0.3612259002427798
1575,0.26032387097570675
1580,0.969539503437935
1582,0.9455111762394911
1586,0.9904764766425513
1590,0.20107710163091924
1592,0.5730383320527496
1595,0.20765819867336294
1596,0.8858995214163737
1597,0.18797177092576936
1598,0.36600387218738256
1599,0.9434239704867414
1600,0.3346308762406374
1604,0.31128400293125624
1605,0.6748749241192973
1606,0.5240341723187012
1608,0.9273672963070522
1618,0.950626437519356
1620,0.7380390597895286
1623,0.21322152387933074
1626,0.42056648848023737
1628,0.4067262374530128
1629,0.6796166391537757
1630,0.44631531429744437
1631,0.25526060468569856
1632,0.9886060787721093
1634,0.9335185023260018
1635,0.4449752671928517
1636,0.6055043187162276
1637,0.257358394320151
1639,0.5697628286545275
1640,0.39092128251145597
1641,0.12409689350418632
1644,0.8806294466129135
1646,0.5843580292023168
1647,0.19319532668354802
1649,0.3428622647578309
1650,0.20153916009182646
1655,0.16724509746610702
1659,0.9633699656082885
1662,0.027715563218704616
1664,0.36436135862209934
1665,0.212083298157797
1669,0.37550443772922204
1670,0.5840043261268621
1673,0.6918748899901229
1674,0.2628181319316467
1677,0.3570909454885761
1679,0.3144733318353087
1680,0.9252805971799579
1681,0.380747472543085
1683,0.19642557843330885
1684,0.2356395860811321
1686,0.3612272485840578
1687,0.41598269985433883
1688,0.5171001659943094
1689,0.9597990332039175
1691,0.35927547353018147
1693,0.16259072323577983
1694,0.9777706350838573
1696,0.9514339691235534
1697,0.44171918599709764
1699,0.8844193841650911
1700,0.2382051527783097
1701,0.3691652657743662
1702,0.3201280008998285
1705,0.4645935667039333
1706,0.40235017735515016
1708,0.5143397810149084
1709,0.1791331071446256
1711,0.20713452690897216
1712,0.4565239703595341
1713,0.4788849474704509
1716,0.42559787299694646
1717,0.21702865131725343
1720,0.8170704786382679
1723,0.4828863580251265
1725,0.9137670113413559
1731,0.4315744560514077
1734,0.3825675007762841
1735,0.331903345831446
1741,0.25888845123310494
1742,0.9516722257972514
1751,0.6219437714473582
1752,0.3286761533905426
1753,0.2799397788890487
1754,0.4263137671266466
1756,0.32699813902933433
1758,0.8539951003941889
1759,0.40114056196686515
1760,0.3565448293588221
1762,0.1983949955113072
1763,0.9551961043330693
1764,0.21847876112620587
1769,0.2429807577818831
1771,0.4733043846025686
1772,0.4099201340176603
1773,0.23876942927388106
1774,0.37813244636945365
1775,0.16730065399631655
1777,0.4761253968693058
1782,0.9946005907955113
1783,0.8244065209174744
1786,0.9260322101293185
1788,0.7762448634443085
1791,0.6183394684239499
1793,0.4298933786791409
1795,0.35711612957085775
1797,0.9827009288515952
1798,0.9642536494077768
1800,0.8983464306310832
1803,0.3437656110685044
1804,0.6711651096180151
1805,0.20335409281823902
1807,0.6922069903052628
1811,0.31215167392901955
1817,0.8816027330106148
1818,0.8622312086076332
1820,0.3951365290290621
1822,0.5162943876252826
1824,0.437591748375009
1825,0.9117664920216163
1828,0.7468708076514534
1829,0.2045370562327681
1833,0.25300354096804634
1835,0.28847208216891324
1837,0.3340394122256091
1839,0.17735071895509527
1842,0.21796251192306285
1844,0.2838280755448807
1846,0.18553893026190937
1849,0.4427950076512941
1852,0.4239814821866032
1853,0.007172300454666582
1854,0.9083404390100102
1855,0.40474784052629187
1856,0.3910352462477965
1857,0.45908327428154455
1858,0.42877644303887635
1859,0.1606907130430624
1860,0.7409102682522933
1864,0.3550832631176411
1865,0.34109710840958607
1866,0.7565124299139445
1869,0.5117188778217425
1871,0.15804322629547882
1876,0.42671308999807644
1880,0.9228052017465274
1882,0.34330774149552284
1885,0.18968289581862105
1888,0.3377290344654297
1889,0.26082636875830306
1890,0.41762304864525657
1891,0.8275296463777332
1893,0.3824652446821926
1894,0.42969215123506954
1895,0.1595152993903746
1896,0.3463891024277088
1898,0.18713274677636504
1900,0.6965910600634316
1901,0.4435213606869554
1902,0.6254023937310345
1904,0.8107717421027748
1907,0.47576376300505574
1909,0.6821819592351616
1912,0.2785920038256625
1913,0.4379643463917197
1914,0.8621373569715599
1915,0.8532194033431898
1918,0.6161658276282974
1919,0.21424056415459888
1920,0.3359969795019593
1921,0.5377148967559664
1924,0.23697439516823507
1926,0.9576502156063667
1929,0.2030001897190873
1931,0.6399803358581854
1932,0.5777089884534248
1933,0.3659039907637695
1935,0.3917161141624966
1936,0.7330271326257989
1937,0.8765843899275042
1940,0.15858698671342186
1941,0.20507012078854742
1943,0.5448396791253407
1944,0.18368010139600852
1945,0.9940932260690313
1947,0.4450344241137508
1951,0.5489030370645002
1953,0.5353698397381181
1956,0.9805613436122251
1959,0.16907435576687435
1960,0.5198467803775179
1969,0.46640821967041807
1970,0.4932028067203301
1971,0.87144300672959
1975,0.06625225015399941
1976,0.3716216211994068
1977,0.5836697180177756
1980,0.19933996742341767
1981,0.6786895003789727
1982,0.5151431697144595
1983,0.985122438633638
1985,0.6978880981824496
1986,0.8679019754618543
1987,0.830375539878419
1990,0.37699109216582977
1991,0.5114456089535956
1993,0.9682576109183673
1995,0.9804699826535749
1997,0.9778548768709361
1998,0.5114836934209074
1999,0.8465052911836518
2001,0.7741649787315084
2002,0.3694001150871917
2003,0.18518035641807853
2007,0.4343060142224639
2008,0.691744978314701
2010,0.7094086470521127
2014,0.1587435811462367
2017,0.6068218598618241
2018,0.9225482773852246
2021,0.351878565735362
2022,0.3460933742368687
2027,0.6036660249076485
2028,0.22200056782210476
2033,0.24271780653190184
2034,0.4111519763480106
2036,0.4954834188931886
2037,0.7425250618630829
2039,0.44039874907223125
2040,0.293810122814731
2041,0.2223025258289046
2042,0.1739776451360826
2043,0.18744295469598227
2047,0.9266796326840014
2048,0.44377891722924384
2049,0.2173365993399158
2050,0.38220482558317015
2052,0.9308500259473879
2053,0.8076531361003786
2055,0.954313425309023
2056,0.7109266794088803
2057,0.5409830176685361
2059,0.3106462805178788
2061,0.19466947237529736
2062,0.335827040542869
2063,0.5133706079044112
2066,0.8577503577452662
2069,0.31217524158113935
2071,0.97950792387336
2073,0.04559362187319297
2075,0.9826962397018782
2076,0.3305463042435669
2077,0.4439349212038389
2080,0.5208736914259159
2082,0.8555890527518611
2083,0.9589114561272027
2086,0.6763582522528166
2089,0.7425700878988998
2090,0.36322647245696826
2091,0.7563772168835781
2094,0.649089489775076
2095,0.4912562896604866
2096,0.8089007859268276
2101,0.9719672567074085
2102,0.3912614431390438
2106,0.3858111561844833
2107,0.9123673801085754
2110,0.3634431384142384
2113,0.8887429517544139
2114,0.16372101620337684
2117,0.889127117591375
2118,0.17894606376915181
2119,0.42171364573248493
2121,0.9852090124865348
2122,0.23774637485730915
2123,0.6900836674623729
2126,0.5849920917047344
2128,0.875869489149158
2129,0.8956297473776815
2132,0.7591165798638277
2134,0.3296992854042891
2135,0.24934807707434636
2136,0.5597758246097007
2137,0.49391189538393004
2138,0.2327487908605288
2139,0.976808763153137
2140,0.2705081207955135
2141,0.7679483624238148
2142,0.41281723977690143
2143,0.42870667300952225
2144,0.9760517752703286
2145,0.49759984278944897
2146,0.6158884656931041
2147,0.3787788050791478
2151,0.7540979361734799
2152,0.860895872596464
2153,0.37769739623477283
2157,0.11709667007073742
2159,0.6001681830087132
2160,0.5329608585776033
2161,0.6432222581832874
2162,0.4746841997900099
2166,0.7408064318754684
2168,0.9962782080974033
2170,0.347538285391248
2171,0.32025682120679705
2174,0.6762119977767542
2181,0.2518057119378577
2183,0.5030095264339399
2185,0.686840701365272
2188,0.4077673763264103
2189,0.9806390046229799
2191,0.7889034956578089
2192,0.9185152959239646
2193,0.3277804990143045
2194,0.8919023717807824
2195,0.2145058708427177
2198,0.655304177269442
2199,0.4109210385512744
2200,0.5757359890192738
2201,0.02669558461434493
2202,0.9274043519571042
2204,0.9042487386567241
2205,0.47983748161818107
2206,0.370312357213546
2208,0.4705204587315771
2210,0.21512779434172824
2212,0.5336903872490871
2215,0.9945571074019822
2218,0.7807811304645076
2220,0.9355163631448891
2221,0.7930089010865197
2225,0.9920320842130637
2226,0.3375509950751166
2232,0.4680001948945115
2235,0.3826824125351442
2236,0.5640528885086477
2238,0.3863548395261603
2240,0.9855702828257664
2242,0.4827170348052608
2243,0.990867447760035
2244,0.5048914825870605
2245,0.35781148129781354
2248,0.6784900435610265
2249,0.4845877182458391
2251,0.28459069850358737
2254,0.8290793862957886
2255,0.35402056725306863
2256,0.19593154182846034
2259,0.2441425742273902
2260,0.9208892035880615
2262,0.21164561884179237
2264,0.9847423763621319
2265,0.9237844851841995
2266,0.16825608835392408
2267,0.4140951371963476
2268,0.6382788261720528
2269,0.8246798861392818
2270,0.35662695529055766
2271,0.3602853988032007
2276,0.40597918825479257
2278,0.9003594181562914
2279,0.7403791423942412
2281,0.6666640435953209
2282,0.3732332917743838
2285,0.40753123497278126
2287,0.9517191565252685
2289,0.8082927471413811
2291,0.8216509155364573
2292,0.7718015604432038
2295,0.7223557680248937
2297,0.43588572018271865
2299,0.9352057643233478
2301,0.995474625828496
2302,0.8660428879238117
2304,0.9083467719053546
2306,0.3366045026312465
2307,0.9158529917206922
2309,0.6550627953609781
2311,0.6215337231304556
2312,0.9965857943074811
2318,0.22708495210331395
2319,0.2792557142298442
2320,0.990104297254039
2321,0.9737943450832033
2323,0.17449850803435282
2324,0.31461401536249806
2325,0.3470512629853343
2327,0.6641719524221134
2328,0.7977120867840638
2332,0.9462536505435643
2333,0.28921685364534294
2334,0.7700210749373435
2335,0.8644892688977384
2336,0.850838213778569
2337,0.37312054819977086
2340,0.6129001684958939
2342,0.9957876198673296
2344,0.9871020548350194
2346,0.47473775754698533
2349,0.32821139877000716
2352,0.1593314173897315
2353,0.39464005647050865
2355,0.49624170256413624
2358,0.2907162299209638
2362,0.3988649952524815
2363,0.29139445194979774
2364,0.48554683675889004
2366,0.37026866911734035
2368,0.6248049310957232
2369,0.42833877975866513
2374,0.729695902783016
2377,0.9170850365717916
2380,0.6702423395412405
2385,0.26748028102707266
2386,0.19738391465856417
2387,0.299042117729212
2389,0.30488375503781623
2392,0.2989770266616882
2394,0.3547673250550443
2396,0.6152077774476454
2398,0.48027392948871517
2400,0.3734621232809533
2401,0.22388897682762082
2402,0.6954519995727151
2405,0.15923212145360294
2411,0.3307268817839967
2413,0.7057207163364433
2417,0.9846193139413683
2418,0.9155533629844345
2421,0.3858302332275012
2422,0.26405388354034115
2423,0.23595282210708027
2428,0.9825558291700105
2429,0.6147767207450743
2432,0.5111643809947912
2433,0.35999680833061226
2434,0.3785922840718679
2435,0.3441502395363539
2436,0.2815587610074681
2439,0.20044891685190563
2445,0.8291699123983458
2446,0.9565195963232246
2448,0.7241684011344495
2449,0.8153293520778973
2450,0.2989082275963747
2451,0.24298640901793872
2453,0.86190539727534
2455,0.7619144600831076
2456,0.9106713499926411
2458,0.721518545216229
2462,0.5629787782039317
2465,0.9140614685742094
2469,0.7889430552034176
2472,0.49344252997308863
2473,0.8620680689773961
2474,0.7070421206939641
2475,0.8088405477859139
2477,0.425479524097591
2480,0.3728489490538604
2482,0.9803422586519583
2483,0.9247017054323032
2486,0.16285596583702666
2490,0.21454284128918605
2492,0.9936898616099321
2493,0.3763422213755497
2496,0.20645928994294738
2498,0.37441745216743183
2499,0.8458472410015955
2503,0.5440352457612277
2504,0.3244185566283851
2505,0.4964043765102763
2508,0.7004087110613887
2509,0.9625155289836426
2511,0.649640091931985
2512,0.39318676322946167
2519,0.9494253541497568
2521,0.7238378598071181
2522,0.22013169129203913
2524,0.22400003590175063
2525,0.9743905663197002
2528,0.9624035659209973
2531,0.8256696334847864
2532,0.3100375751148075
2533,0.19363407626404816
2536,0.6957734087652407
2538,0.7307391896400031
2539,0.15608578178818933
2540,0.3617010680420088
2542,0.7547414231423293
2545,0.8490371975128512
2547,0.18323542617817437
2550,0.9901896510422308
2552,0.24435378683342138
2553,0.3594447485674454
2557,0.7860149929326077
2558,0.15724957892700261
2559,0.9992225546087292
2560,0.15930928062808483
2563,0.9658672634934613
2566,0.927492490895781
2567,0.6843493261101518
2568,0.7797075845758857
2569,0.7507419802747545
2570,0.38424506895221056
2573,0.45401245762990744
2574,0.35332016989398213
2576,0.9743223020246997
2577,0.17258897563339773
2579,0.17856376437293142
2580,0.9989407477608372
2581,0.48105048584001703
2583,0.6606002580922553
2586,0.9494707794343263
2589,0.9835271690895759
2592,0.4867070601175541
2593,0.6703458403367515
2594,0.9792543798362805
2595,0.48639522795715634
2599,0.6405494004839137
2604,0.16915849066275143
2605,0.949563088943176
2611,0.8377066578662467
2613,0.6988748465026825
2614,0.32676516987204973
2617,0.9903358621018779
2618,0.7640314634854873
2619,0.5130133593201814
2626,0.22277810051837113
2627,0.25203982202845676
2629,0.8606629476841656
2630,0.8848540194829828
2631,0.6571851714758601
2632,0.3816933176169057
2636,0.8632484126875044
2639,0.9576888574094109
2640,0.7422713251699701
2641,0.7517367236699306
2642,0.9659181370880864
2643,0.16290036545582742
2645,0.23040141057029928
2646,0.9362776195493749
2648,0.24565983010783202
2653,0.4927346303697266
2656,0.9808141878586817
2658,0.34211644024633325
2659,0.9934606161369107
2660,0.1901888123927381
2661,0.981751331443169
2663,0.48819122464986187
2664,0.9402757737282201
2665,0.983435177374577
2666,0.9908001123589364
2670,0.8297746576295154
2671,0.2872534073805944
2673,0.26163482648586384
2676,0.5954370411544142
2681,0.9416770126312503
2682,0.727281063514818
2683,0.7716042775200969
2684,0.03506110485666442
2690,0.9927107736783789
2691,0.7887792182389419
2694,0.01160829155437201
2696,0.33788654997887074
2701,0.9799900766444729
2702,0.8284196301766601
2703,0.9026972816456614
2704,0.7311531613371348
2706,0.24118882768304797
2707,0.979506536902558
2708,0.4237415188800914
2709,0.8512239636798966
2710,0.48120683258240443
2711,0.5109663976936518
2712,0.36266300752997604
2713,0.2210864652360417
2717,0.422200840414556
2719,0.4096857350404657
2720,0.8243769401929002
2721,0.39068648093206365
2722,0.3304506715888773
2725,0.6748718599096718
2726,0.8345542527309481
2728,0.5721503455183393
2730,0.8878206540256721
2732,0.7236911325012894
2734,0.7568140905248676
2735,0.7344716812000198
2736,0.6890527175400959
2738,0.5878135173458432
2739,0.20162586271599037
2740,0.9752992000054576
2741,0.4784198805511084
2745,0.5209554581210816
2747,0.4616557669118829
2748,0.8006989694456673
2749,0.9983336356641346
2752,0.43824212908024146
2753,0.8327121963125891
2754,0.5761272191161657
2755,0.9886274905552576
2757,0.33982535933851515
2759,0.9263769943612821
2760,0.9136882691811693
2768,0.9328007343968835
2769,0.9882998147567288
2774,0.377783481642948
2775,0.4968585645258695
2778,0.9236552911975793
2781,0.7789834908041992
2783,0.9973281879484345
2787,0.573745573330601
2790,0.5145008017450237
2791,0.33814952565519707
2792,0.9625629847858591
2793,0.6191545114992444
2795,0.4713867633153669
2796,0.8884677612980348
2797,0.8109274622714774
2798,0.4752541645807009
2800,0.3390432172272103
2807,0.9837536665500242
2808,0.5149219648992825
2809,0.9150798272285608
2810,0.4805996815601669
2812,0.3773423150951653
2813,0.9965060739617334
2815,0.7077129807174555
2817,0.39532880267857873
2818,0.4904225940339091
2820,0.880032908069218
2822,0.7494824476079522
2823,0.7666327045640554
2824,0.39546212387918167
2825,0.4454975020391876
2827,0.938287835195289
2828,0.9068368725537878
2830,0.2905780284886393
2831,0.8869331034364172
2833,0.7830077310673158
2834,0.7155517228582675
2838,0.1425019458662141
2839,0.44475417253947996
2840,0.9532112405845455
2842,0.9689969058834587
2843,0.8080658270968631
2844,0.35208381962639085
2845,0.36448491296467495
2846,0.2020343496337813
2849,0.45789696080726927
2850,0.765314784329126
2852,0.34224113509912246
2853,0.25974305506554834
2854,0.49847809020830147
2855,0.8650116620023091
2857,0.9254820868665448
2859,0.50624152754549
2861,0.8389507710190663
2862,0.9661914731256842
2864,0.6286403510142955
2869,0.6559807610197586
2870,0.9716103464190478
2871,0.9582687031467452
2876,0.8869350819765998
2877,0.9983429636073324
2878,0.7677608030164998
2880,0.9404457058017143
2882,0.47886917645146904
2884,0.9823855110713005
2886,0.9545508713229371
2888,0.9734310564473724
2889,0.6083677246523528
2891,0.9604665334447656
2892,0.9725507191560837
2893,0.9894539307107859
2895,0.28654947535563513
2897,0.8661836814574283
2898,0.9355928835532138
2901,0.5205920379448721
2902,0.7762233185531974
2904,0.8225271693062611
2905,0.9901439876951248
2906,0.20490620350223393
2909,0.2286511181480813
2910,0.6687831602451978
2912,0.872923520843113
2913,0.4489860537765068
2915,0.7159865334602217
2916,0.24026863141320803
2919,0.48297749994422
2920,0.7788677314828479
2921,0.45962518518468926
2923,0.4383950348414564
2925,0.2328151152008625
2926,0.3560365072521192
2927,0.9935089943693586
2929,0.8621384690432622
2932,0.5106688632648387
2933,0.9571947767412033
2937,0.7288546069681682
2938,0.9901509621977131
2939,0.9614818118440748
2940,0.520173287030337
2942,0.9843744703940983
2943,0.9159164924387923
2945,0.4500948003151789
2946,0.9870123146482112
2951,0.32712523330723864
2954,0.9470580262214446
2956,0.1792180786153826
2960,0.3491149221212851
2962,0.5353020331590528
2963,0.39768502976287756
2965,0.7543538662446314
2966,0.503956243795944
2968,0.7718053301609298
2972,0.45557467543297264
2973,0.9535774968256618
2976,0.5473458304447646
2977,0.3314754247780875
2978,0.5572086059709392
2980,0.8885112645110912
2982,0.43266640406011664
2987,0.9177719907172163
2989,0.997139461457943
2991,0.7626502019440041
2993,0.9112195775064372
2995,0.7297090033377805
2996,0.7539837999402099
2998,0.9991821209846529
3000,0.5589266835764316
3002,0.8533923325429332
3003,0.9714409624792575
3004,0.9887873987884628
3005,0.8394842432103158
3006,0.32460483550796865
3011,0.3473860814904726
3013,0.4639272454874785
3014,0.9331007590152781
3018,0.9737996060063506
3019,0.9908954484906033
3020,0.9021854293355972
3021,0.7437822478736893
3022,0.34576323770254813
3024,0.6954600274892049
3025,0.5214102318695193
3027,0.798059057065132
3028,0.62102622868386
3030,0.9288762059995258
3037,0.8866327648721815
3038,0.712202991246481
3040,0.3241776923359907
3041,0.9990591318456266
3042,0.34667675927939756
3043,0.2642778469916683
3046,0.9943239836886093
3047,0.870953864075063
3050,0.8440839932479826
3052,0.7222300689662661
3053,0.18762646922159404
3054,0.7479776815754511
3055,0.31256876998162497
3056,0.679549269454311
3058,0.12705158579809225
3059,0.2572194126023641
3060,0.9979579467808786
3061,0.8798956866110569
3062,0.9772845803942991
3063,0.9224542626134705
3064,0.9951189321702613
3065,0.20561786620321065
3066,0.3387317033202281
3068,0.4498124500986604
3069,0.263105883528865
3071,0.7197078524157934
3074,0.9923379201469105
3077,0.554256573702931
3078,0.8709560789312998
3080,0.8775238684402255
3081,0.6208255620079988
3085,0.26652544528783323
3087,0.9904643561021115
3093,0.8539570486397637
3094,0.7048149008963126
3100,0.4553234465149818
3105,0.3393065334729713
3106,0.9923655893767764
3109,0.6156975634657202
3111,0.8270775748661897
3113,0.9794233701864682
3116,0.3428493725387179
3118,0.9951576665947763
3119,0.26139246893208845
3120,0.07541741965481025
3125,0.8377458286568428
3126,0.5908034039542106
3128,0.3263343408520544
3135,0.9997803122976199
3136,0.9021548592995864
3138,0.8718581784843016
3140,0.7921596547365741
3143,0.3681572975261201
3145,0.7986242310053953
3147,0.6356234217810468
3151,0.9945334956899445
3152,0.7325828189177275
3153,0.6451442370811296
3154,0.6731209535928991
3158,0.42377980045887687
3159,0.7378175017566646
3160,0.6298874510041989
3163,0.42548297923095724
3165,0.9927498684927306
3167,0.4066898148686148
3169,0.7580910943490333
3172,0.5626624977639968
3173,0.7588347368457349
3174,0.9200574268641152
3175,0.9413229026268101
3177,0.7864957145631669
3184,0.9785177783802723
3185,0.7861973324682315
3186,0.893014979135556
3187,0.6973465604112494
3189,0.9531076776838807
3190,0.6532091605183454
3191,0.658436422754572
3192,0.6940372874332809
3193,0.85930207020407
3194,0.20541219830275506
3196,0.9685512896605581
3197,0.97513964261847
3198,0.9743253026026923
3201,0.8162986444359971
3203,0.16094472160489987
3205,0.6446876203624582
3207,0.5101578137022534
3208,0.8873024330034855
3215,0.684460693063811
3216,0.9508011540224549
3217,0.41195190146733984
3218,0.9964993734306504
3220,0.9522719808730313
3224,0.6029782059015201
3228,0.98968983764289
3231,0.6989344164221348
3232,0.3572375430450475
3234,0.9974233559285316
3239,0.7343245608376682
3242,0.9768156955387232
3246,0.08935110940837021
3247,0.16090575405905724
3249,0.34181917923186816
3251,0.9854652154964335
3257,0.7240233668093623
3259,0.5521206651093511
3260,0.8620611935917543
3261,0.7896287809220911
3263,0.8020219402178418
3265,0.4654368171236549
3266,0.8058302620861785
3267,0.8428360107992583
3269,0.9949104284603462
3270,0.7105205639028241
3273,0.9919580943421977
3278,0.9544217204437438
3284,0.7184664057346261
3285,0.20419373147440772
3287,0.3750555523269586
3288,0.88092713697524
3291,0.26530570277797544
3294,0.8914440785253522
3295,0.22149221689125723
3297,0.23437252771604447
3299,0.5248287907720279
3302,0.7515235898341606
3305,0.9964115676638401
3308,0.9905772577453238
3309,0.5977400881587142
3310,0.6146404964545945
3311,0.3008955945818103
3312,0.2943024682790577
3313,0.9896505455890233
3314,0.5137652006124666
3315,0.4426945394392255
3316,0.9779090351441234
3318,0.366664708886015
3319,0.9947875260196343
3320,0.5877019029254027
3322,0.975538605780517
3323,0.9836315240790796
3326,0.8853996523523766
3329,0.887425829363899
3330,0.06238251563953318
3331,0.8991140044741506
3333,0.8806557290300958
3335,0.9770371855641379
3336,0.9577812361400666
3339,0.2215480143460978
3341,0.9948430868753922
3343,0.9434016603278691
3344,0.7051695368009507
3345,0.22432929600190868
3347,0.9677565876792882
3348,0.3428776245812779
3352,0.9730860017337276
3353,0.4652511214839193
3355,0.4246545325778755
3356,0.8392650755025683
3357,0.9886465649369043
3362,0.9297965221192667
3365,0.41032997418435274
3368,0.8941147594977276
3369,0.5534869884905966
3373,0.34579709353699895
3374,0.6569126576827702
3376,0.979225268017795
3378,0.8856484156571007
3379,0.9936873898861156
3380,0.6111510754953595
3381,0.7334456899607162
3382,0.9833464671812231
3383,0.9841361841654381
3385,0.8567246272077902
3387,0.6596007033334973
3391,0.4282908931072597
3393,0.237738120380978
3394,0.9976847754905968
3397,0.9478758059599716
3399,0.9828177911542427
3400,0.5343932375191054
3405,0.4440009735520886
3406,0.9996100479533274
