2,0.20611733497010176
3,0.15920219780502287
4,0.21427882013511343
5,0.403976559917758
6,0.5166133650381612
7,0.23968574258465997
10,0.19145553060913387
11,0.3234915339071134
12,0.015975960700334486
16,0.26323631952943327
17,0.27366324051944807
20,0.36278092006057105
21,0.21377642419003753
22,0.2369822424669689
25,0.23354701128067176
28,0.17575432998163265
29,0.15571127086478492
35,0.3149454703191786
36,0.2991923580848553
37,0.24016917985657799
38,0.21986894239747293
39,0.17848645689488915
40,0.21486187335292334
41,0.3503056979612649
43,0.17096450708046015
47,0.5061025360921211
48,0.24726742345805353
51,0.15299577128786526
54,0.22801192301864442
55,0.1768353210232593
56,0.17843550329390856
61,0.5133410330375857
62,0.29653462450165713
63,0.16792799328232416
65,0.21395348639235817
67,0.1783576900715885
69,0.19410367836927198
75,0.423976342533747
76,0.16423347301896166
78,0.2990046619824791
79,0.3359466112309642
80,0.2733086318361603
82,0.1752348619184586
83,0.2972999200048907
84,0.2171527070593599
90,0.5029884946246261
91,0.3833662370075775
92,0.176837987913119
93,0.24897299042344564
95,0.18590075023354882
96,0.18564459270549785
98,0.17131221939474867
99,0.4650660697089535
102,0.22017779297469767
104,0.33975715879308865
107,0.23028168234716173
108,0.16916560890380997
111,0.2000937108928177
113,0.22037656798210267
115,0.1707871147865385
117,0.4706296259062401
118,0.41376470352158606
120,0.21550434847722563
123,0.23491717319436572
126,0.35781161303987985
127,0.27063400687165085
128,0.3549989443656557
130,0.33562679836941756
131,0.3477719900752742
132,0.18083087405241594
133,0.20780856013127222
134,0.18769046332360836
137,0.28975399099008686
138,0.5626961241729156
139,0.21747597352776743
144,0.44813465948016395
146,0.21100245383769375
147,0.2735397373188964
148,0.17887302351279913
149,0.18764271825878803
154,0.23470411714261272
155,0.4982315618873292
157,0.16199694087520888
160,0.34377702999163745
161,0.2795521247733478
162,0.31134775809109944
165,0.18745822628909622
166,0.19112198742268027
168,0.18532051666031313
170,0.22052353971964367
172,0.17617412948077252
173,0.16670529268912598
181,0.15341319635520947
182,0.40364987191457924
183,0.40923000037975465
187,0.4005379741160121
190,0.1819398684920912
191,0.2165450020469927
192,0.22144422599643793
194,0.3254091604130986
198,0.2360661242741889
201,0.2825373817250155
202,0.19214050021422427
203,0.23576492560115006
205,0.16077545601237986
207,0.6594401619792136
208,0.15721584920124687
210,0.30030401479872587
216,0.26117840665175196
217,0.17267791331890409
218,0.3197045508908203
224,0.20676211820618498
225,0.27835824606104204
226,0.25031054496142313
229,0.4852842096556441
233,0.572180176679894
235,0.27590984937307583
236,0.22147320747844965
237,0.2810423991792676
242,0.23049646535007043
243,0.22617390479502528
245,0.25470525666878546
246,0.17867434893971335
249,0.3549309235847527
250,0.3172467082413472
251,0.3854694204612636
254,0.17194115047100564
256,0.1641820064841622
259,0.24395840019552625
261,0.9910267182374123
263,0.1812274501487526
265,0.157333259416506
266,0.725926004421417
268,0.19792940899946265
269,0.4109185724393986
272,0.4377255363697371
278,0.21733900574164083
281,0.17867760945289132
285,0.25827368305373694
286,0.27847059299158783
293,0.15766732781842804
294,0.27971848103457125
295,0.16332227426507204
302,0.23152449436779837
303,0.3377767357931249
306,0.24868334510852613
311,0.5180079823641703
313,0.1701709871473693
318,0.3382993389070165
320,0.2919542317413963
321,0.2762576530741183
324,0.16924371811126185
327,0.25464517456923014
328,0.17150851256905159
329,0.05273527953997462
330,0.22377938048157683
331,0.21241448901838667
334,0.2279583496453754
335,0.16387026826555448
336,0.2667589763182723
337,0.17578310616743853
338,0.9013373142424116
339,0.18907784054909108
340,0.32468585353851437
342,0.17552645215931806
346,0.15771811255858345
349,0.35549831661302833
353,0.5425333174375967
356,0.19374481854808606
357,0.186735355316896
358,0.15918153171472763
360,0.2193854383859816
363,0.2402320958302203
364,0.17101850857696613
365,0.25216550945755034
370,0.32617873458060215
373,0.2757012938276369
374,0.18023877872417518
376,0.24945017705728276
377,0.38826826057172353
379,0.33013447238701343
380,0.1799785672730671
381,0.166090190495691
385,0.2281357258287735
386,0.6207585791429995
389,0.1695050192955116
390,0.18125892025316467
391,0.17245158288194223
392,0.15775789328731255
393,0.35312024925034774
396,0.24988585753822226
397,0.2878594030041342
398,0.16240039599149594
399,0.40518482602305
400,0.19692191308926307
401,0.18511752175663998
402,0.17204380021555402
404,0.2717539049873208
405,0.3979282279882625
406,0.39639396429757967
413,0.1858583510522602
414,0.1620299057454089
418,0.23429121256871802
419,0.19087888754595106
420,0.16413683279114605
422,0.23325346540153016
426,0.22071505347476877
429,0.16418854823894055
430,0.17316498870375527
432,0.23068797376866576
435,0.26389668719247145
438,0.5892344894662488
442,0.16440167960743085
447,0.36788731483332876
448,0.2127216991270381
449,0.3495914496927418
452,0.22273332077897262
453,0.6802322044990119
454,0.16908573841190713
455,0.4099837557356865
456,0.2133672106756942
459,0.2457287887616265
460,0.27646720300717476
467,0.2940286519058044
468,0.29617945287807657
470,0.2440582510950802
471,0.32801332061067406
474,0.3716620796684086
475,0.21833059517451403
476,0.1665218981899668
477,0.2639300601961518
478,0.2067445977919458
482,0.2207484488777164
484,0.1816061507245039
485,0.16874483513468538
488,0.2260307926549264
489,0.3898949140407353
492,0.982044163174683
493,0.22030168887948165
497,0.24227271317349217
500,0.452162377057226
503,0.4273329198434263
505,0.1769192105696958
506,0.19513753144799167
511,0.2536970467121714
513,0.21558954947524295
514,0.5319251326342082
516,0.2464705523641937
517,0.48087692430887025
518,0.46166253126865225
521,0.21404131684613198
524,0.1772574502365396
525,0.38006900877044647
526,0.18023329818323555
532,0.2920729356335946
535,0.025162459774046787
537,0.49202363154698125
538,0.17650317737283086
540,0.23645307102714336
541,0.20718186683124845
542,0.18470966494961033
546,0.20966395847179176
547,0.4225430765378545
551,0.20593114346181213
557,0.27554950098599834
559,0.33589022877251873
560,0.6619164476351967
563,0.8368587276214327
564,0.17700194977483946
567,0.18233659466429777
570,0.19336863885056127
571,0.31499276244078517
572,0.15533157770463119
575,0.23420099941992023
577,0.17234934074436564
578,0.28407610530313065
580,0.5606077751932399
581,0.21711429854693612
585,0.39417294261714947
586,0.3315957936538458
587,0.9050395071750642
588,0.4215358064888074
589,0.73077340168119
593,0.2461324546752621
596,0.1749802707282102
601,0.32921477991400133
604,0.44586510607158847
607,0.2384938843763814
609,0.3002473983150303
610,0.3168056903465894
615,0.3597109406826459
616,0.4008819834056966
617,0.3154550669577025
623,0.2830085244399811
624,0.34104130064958976
625,0.33859522924292024
626,0.25289703926816126
628,0.26330137307936835
629,0.48722141323820123
634,0.26821868420929246
635,0.41256257444731337
636,0.23729058861727365
639,0.23306488405276593
640,0.3466683317861843
641,0.6338069452022846
642,0.2277686360926413
646,0.28928447313359873
647,0.5012885622754161
649,0.18832090002895002
653,0.5039799405192669
654,0.40537772572717373
657,0.3088474672177427
659,0.3850153557515264
660,0.41073280963569825
662,0.2646746074478507
664,0.23227517361818606
667,0.2648894744774896
668,0.2819673785637219
672,0.21986765824992058
674,0.2738461128018351
675,0.5073124921883891
676,0.33385324517630777
682,0.16875780784951874
684,0.5191692612945208
685,0.3549413854297062
687,0.19562902867120485
689,0.4588233427769392
690,0.312919146817055
693,0.4766474904520956
697,0.38288618364091753
698,0.23732008785838338
699,0.3957601715876341
700,0.18712430347096956
702,0.19889996112800357
703,0.22520290786952918
704,0.4042130284745851
705,0.3468511335125585
707,0.3396113402598649
709,0.26926025617616534
710,0.2004924458654837
711,0.1824101373230051
712,0.2068647890364846
714,0.3236682080834656
716,0.633742177834451
717,0.19718844771732968
718,0.46384602866168007
723,0.24359304403527587
724,0.22465674040719025
725,0.160111653565881
726,0.3329720085687737
727,0.5098311187069468
729,0.17658537936075439
731,0.19529107243792704
733,0.18046597526678948
736,0.31771234723709935
738,0.23169216993434807
739,0.3891153764339454
740,0.4326757065839959
741,0.4264288817586897
746,0.3862054135705608
748,0.4217849568627612
751,0.7116751295984791
753,0.15697077135766746
754,0.36818065094131214
758,0.2843460957579674
759,0.17327219394267987
761,0.2030187405256774
763,0.20355366889026058
764,0.8674911266932143
767,0.15823657639136707
769,0.2469356278968379
770,0.1785503298495385
771,0.39232589277110436
772,0.2652716192276563
774,0.3774340886434348
775,0.19549864780912865
776,0.18202559649833047
778,0.9489825747412147
780,0.504097083475661
781,0.2550533892870914
785,0.4363057528080625
792,0.18986003724326322
793,0.45797555718523564
794,0.46646692960425107
796,0.19203001685198787
797,0.49018009767518933
798,0.5440794133491842
800,0.2934493298323507
805,0.15623716671523802
807,0.2451804792307401
814,0.36721044328336283
815,0.574397418678533
816,0.8050629975228365
817,0.3982948496518709
821,0.2535522481954537
823,0.3154174598651714
824,0.33441729294502903
825,0.18015396050223284
826,0.17929308122024534
827,0.27080239675094553
828,0.23576157079512416
829,0.3666192550769632
831,0.21359520633090773
833,0.18455362421884616
834,0.35452259892135846
836,0.8793923567570792
838,0.38824765861610605
847,0.38864971176501883
849,0.394022527607893
850,0.5043757062920874
851,0.39178553519590037
852,0.18095075067625524
853,0.22339747124453055
854,0.40938012199114143
855,0.5397181011304312
856,0.9536188137765016
861,0.4285968387092045
864,0.18865498936115863
866,0.19637758097316924
869,0.3566071865630321
871,0.6950332882748865
873,0.2388666779139872
876,0.17873414004521523
877,0.7129758784337924
878,0.3765375117674658
879,0.4555548040109635
881,0.40897333967448535
883,0.7054495663036653
884,0.2577811636553278
885,0.3546343706889761
886,0.9216464744598408
887,0.25904499086245214
893,0.3728184407472124
895,0.645861013297209
896,0.44404081289736413
897,0.5166219176177713
900,0.397080320017916
902,0.22128199142796467
905,0.21508521797900332
907,0.17506423818825062
910,0.3717932379665854
914,0.46244354559648126
915,0.23965183717064914
916,0.710734434166065
918,0.2738084547688444
919,0.8865563928572313
920,0.18069382408629728
921,0.35478403476289805
923,0.2301683413609442
925,0.8598133063948699
926,0.9735711151433678
929,0.3416149213708477
934,0.24544420104212195
935,0.37505722734763625
936,0.2280980118610313
937,0.7623279165819041
939,0.4779960393140332
944,0.28975968864194074
947,0.3345803636662705
948,0.8190157982902467
949,0.502800910786893
951,0.9362889024831763
952,0.2656337650607716
954,0.2876049289398063
955,0.256834006358756
956,0.41217101261214584
957,0.20635716547806882
958,0.23433804532241287
960,0.41665569704425015
961,0.4517197757443682
964,0.2071612512798291
967,0.2415881569169748
968,0.3681110724131215
972,0.3559503614495407
973,0.41051404668170605
974,0.03907481349003647
975,0.15743436500447153
976,0.24014359560613835
978,0.6978240138982167
981,0.3830045914093417
984,0.38695221938063334
985,0.8535006904209003
988,0.37631531988852873
989,0.48271897836276306
990,0.17180990365607987
992,0.2032777155310079
993,0.42782581760147165
994,0.2127554701922883
996,0.37907094163839367
997,0.21800685680213347
1003,0.39455760666446427
1008,0.3249380046882867
1009,0.49690976521397423
1013,0.18391914160658548
1014,0.31141828955250966
1016,0.1642516570822578
1017,0.16886223289992017
1020,0.21845083792397116
1021,0.9625605989223057
1022,0.24939485619084975
1027,0.2225057483451056
1029,0.31772244607858025
1031,0.3760909363772853
1032,0.46139134919464314
1036,0.1690923161797094
1039,0.32858620029261415
1040,0.8338346856974357
1041,0.166002010929331
1044,0.6983418528287129
1046,0.22776215484193046
1047,0.5112776761586674
1050,0.36122226835367166
1052,0.34353787074559217
1055,0.6568908050170974
1057,0.5116877816572146
1060,0.23135917966296293
1061,0.7506175435474852
1063,0.18062196344376508
1064,0.2662219247094387
1066,0.41091759974563813
1067,0.26179212267285873
1070,0.8673405856091794
1071,0.3225412612494082
1077,0.9295232808188698
1078,0.22667429730627892
1080,0.34388882772329615
1082,0.275914191678092
1083,0.4936431254299085
1084,0.7031058322386564
1086,0.3093736814760289
1087,0.2163312787503455
1093,0.2647397125135767
1096,0.28471646478437046
1099,0.5157335314714322
1102,0.27513931523079854
1108,0.7502167733054285
1112,0.4172886131654337
1113,0.5770691303567784
1116,0.9461053749287045
1119,0.48618160260090226
1120,0.18679941218140536
1121,0.5925985337877743
1122,0.3734271616714799
1123,0.26124983509061267
1127,0.2313690558562538
1130,0.8013405038294875
1131,0.25554285494748546
1132,0.2513502155421732
1137,0.3986343924307764
1138,0.7743097522176496
1140,0.1630625553888598
1141,0.4747598085143997
1142,0.48758309922092274
1144,0.45493909652953446
1145,0.8084145645367634
1146,0.8388658331042185
1148,0.7865509262875641
1149,0.3511152028129409
1151,0.3458092963971823
1153,0.5561427428730422
1154,0.8522809034141566
1155,0.8708388787313855
1156,0.3054784003468646
1157,0.48497124912163675
1159,0.3299448517351072
1161,0.2515191451232761
1163,0.7085328125544627
1164,0.29825924174408946
1166,0.8922824839035538
1167,0.8680917603137464
1168,0.4942417554169
1169,0.8259118041248471
1170,0.34444622736150476
1171,0.7352362876555331
1173,0.22593576941779772
1177,0.35565131681949225
1181,0.1575046976401185
1183,0.2657737763004737
1184,0.28383670115908505
1185,0.22592349989755792
1186,0.36223381483775147
1187,0.7787853572452702
1192,0.1660637884235044
1194,0.34009648751226107
1195,0.304415278294808
1198,0.2942439001851796
1200,0.6504552667868729
1202,0.6637689791443812
1203,0.8932021593300017
1204,0.02825762062982358
1206,0.46533062910772827
1210,0.3009445980202221
1213,0.4628646131470777
1215,0.5936615222303826
1216,0.667826899398741
1218,0.2715582968479444
1219,0.44196415315476983
1220,0.23292284951754788
1224,0.4389723970273143
1225,0.7865240588785175
1228,0.97243830452165
1239,0.294316063548694
1241,0.20717575380995823
1244,0.5652435299598021
1246,0.29842720903326136
1247,0.34084255743490527
1248,0.3613864187845189
1249,0.4067191713227981
1250,0.4210260326450671
1251,0.7196007806701344
1253,0.3792806897609959
1255,0.2993993703184621
1257,0.28912528290052386
1258,0.29908272791797674
1263,0.4844274778270025
1266,0.4943480836739027
1267,0.46318140868428737
1268,0.3315753393201593
1275,0.4763754222549615
1276,0.5112994180820816
1277,0.6568623593319296
1278,0.7888252895271198
1280,0.4114555357878121
1281,0.46851918867403375
1282,0.6664988319433789
1283,0.39010043836989716
1285,0.8451588659052733
1286,0.21540284398777845
1288,0.2744039061619257
1291,0.47886518998421174
1292,0.9309009864947688
1294,0.44805120114782054
1295,0.3413852067543139
1297,0.9831858937600969
1298,0.5220338318194072
1301,0.30672775765987825
1302,0.26812777471303206
1304,0.39436648275373964
1305,0.302122130862351
1306,0.1604103664167585
1307,0.44101582990233024
1309,0.5457704899065765
1312,0.5335262779731893
1313,0.9921230858882804
1315,0.34378821983682567
1319,0.4081995709818828
1320,0.6198424238780443
1325,0.37980826022660397
1326,0.3403704768243859
1328,0.5022487079513671
1330,0.33507479924659156
1332,0.27426453468857803
1333,0.3060255122204533
1334,0.28695531591616286
1336,0.5342279746811315
1340,0.15610018116364172
1342,0.6304086095995962
1343,0.8143347798451964
1347,0.19191435154630496
1348,0.9881262653733964
1349,0.3568505407100257
1350,0.969631581714775
1354,0.49488484088419976
1355,0.24543258221930808
1356,0.1644090678947461
1359,0.8938596522266191
1364,0.3049160233112766
1366,0.5960943679569931
1368,0.9763711678390603
1369,0.40015976492739413
1370,0.19500042767764023
1372,0.11563631810560432
1373,0.26449134067649405
1380,0.3451061258146973
1381,0.15751899516079154
1383,0.29527709672191066
1384,0.21947618103982114
1385,0.3310123238616996
1387,0.7674161250126492
1388,0.19162160489635324
1389,0.27863034180066026
1390,0.5507549074121517
1391,0.3799481316946665
1395,0.9552091698038145
1397,0.20264659393341236
1401,0.45834353097050434
1402,0.8567676972330156
1404,0.21171678404899927
1406,0.17592091184652187
1409,0.2765967378246382
1410,0.16376729908007406
1411,0.47243819011672145
1416,0.7178511587910512
1417,0.6057434864887508
1418,0.8209190109354273
1419,0.668847967301194
1429,0.2059927280601162
1431,0.4801908832186834
1434,0.8883663531149902
1435,0.8629112117725356
1436,0.1737604505016587
1439,0.9834094174805289
1440,0.4224122022089483
1441,0.5594989811459324
1444,0.8214780287802191
1446,0.34031449765574096
1450,0.28511809380001113
1453,0.8488796059751813
1454,0.9301375521458801
1459,0.15505994722345467
1461,0.1994406893703853
1464,0.5148069080568348
1465,0.43700958615291813
1467,0.26007484441145484
1470,0.32760982862491467
1471,0.4903155425403859
1472,0.4159345133740976
1474,0.8714044186127523
1477,0.9664840608942572
1479,0.4959283190879947
1480,0.5252322146659915
1482,0.17412444046326922
1483,0.7889272636178164
1485,0.19800320377821426
1486,0.7257210378243589
1487,0.7442349652681934
1490,0.6192416988844308
1493,0.14905994943402753
1494,0.3002936848282878
1496,0.5946250884908298
1497,0.9347524606749092
1501,0.6592473159006031
1505,0.46216211182990097
1506,0.8646625738826129
1509,0.161577108799017
1513,0.38546830435033275
1514,0.30971592422082245
1516,0.4527012702054936
1517,0.16106028478271628
1520,0.4437526539798492
1521,0.22260108345636312
1522,0.9235888953523483
1523,0.8294982800498347
1524,0.4875995370666283
1525,0.1594979438837957
1527,0.1735102304494478
1528,0.9482697568092088
1529,0.9599118762223207
1530,0.7540421464966703
1531,0.6230053577215614
1532,0.6307699783127383
1535,0.3968043447898273
1541,0.42035456871937527
1542,0.4121335566236068
1543,0.5210100914390069
1545,0.517210904566166
1548,0.4916155511596844
1549,0.4750530966405867
1550,0.22860604306948581
1551,0.7286847470980262
1556,0.41516060694124973
1561,0.6174828325729966
1562,0.43030452606503933
1563,0.4958244148488077
1565,0.36244184977621197
1569,0.6993715270471631
1571,0.16072813334566072
1572,0.3710856476256871
1574,0.3712388206546481
1575,0.2580138042320646
1580,0.9689683013365594
1582,0.9467116535038084
1586,0.9891201795888617
1590,0.20087783615891466
1592,0.5518759268471494
1595,0.20837669927298608
1596,0.884234519958391
1597,0.1890989833405126
1598,0.3684223671342431
1599,0.9411330135841398
1600,0.33040633769890093
1604,0.301732870756529
1605,0.7216894551492519
1606,0.5254166146232689
1608,0.9251541624916964
1618,0.9562397380921015
1620,0.7309297909502475
1623,0.20922973099975145
1626,0.4234368309051234
1628,0.4077966299579555
1629,0.6809179453398929
1630,0.4576662410360209
1631,0.2510965174558271
1632,0.9897257121885522
1634,0.9346727205710271
1635,0.44455650352185766
1636,0.5968556251856237
1637,0.2649449872493401
1639,0.5692811716802226
1640,0.3964446123941033
1641,0.1252583305204067
1644,0.8748824011713594
1646,0.5971651374057727
1647,0.19305690225277747
1649,0.3471609771558469
1650,0.20399006183525764
1655,0.1675723567115566
1659,0.9636317290763857
1662,0.027384804869203302
1664,0.36031229835406525
1665,0.21310110021835935
1669,0.3856299227014898
1670,0.5964467045751972
1673,0.6978568818276617
1674,0.26055451857684964
1677,0.3392227453590383
1679,0.3104883954030225
1680,0.9285929037013116
1681,0.39016890322154907
1683,0.19549125259884217
1684,0.23283387154482793
1686,0.3537367222039655
1687,0.4033011785069829
1688,0.3363819666657714
1689,0.963039292502912
1691,0.3576667713796795
1693,0.1639186484970153
1694,0.9783571606679888
1696,0.9510382938507448
1697,0.443236773853335
1699,0.8914787475067201
1700,0.2423651419929785
1701,0.3842768315777602
1702,0.32595933388572224
1705,0.47271540077556506
1706,0.40388659751189093
1708,0.32963309870056445
1709,0.17910146098629265
1711,0.20837749507411857
1712,0.46912267044898204
1713,0.4882425480675821
1716,0.4195084541462291
1717,0.22092469936956896
1720,0.8215359323746713
1723,0.45941948409002087
1725,0.9142346900305085
1731,0.4428472484030894
1734,0.380101421273927
1735,0.32170465267214826
1741,0.2565972912681369
1742,0.9462031197413584
1751,0.6248242962813243
1752,0.4900365115394194
1753,0.2758603478411731
1754,0.43354103542339767
1756,0.48124319181464575
1758,0.8544788708534744
1759,0.39316524171629375
1760,0.5134259206123452
1762,0.19929497321634182
1763,0.9602758677207622
1764,0.2182287100828525
1769,0.2532222754159176
1771,0.3518872512931078
1772,0.41888413217174425
1773,0.23286865966555934
1774,0.3810324536519289
1775,0.16725194534910154
1777,0.46671872752122207
1782,0.9943308104397194
1783,0.8135675179237711
1786,0.9266768542127015
1788,0.7596379470453825
1791,0.6093325658659671
1793,0.43085719227850106
1795,0.37352308575253396
1797,0.9812894266425723
1798,0.9646705637572743
1800,0.9016198084088407
1803,0.3486341394547754
1804,0.6712224615189879
1805,0.20176213593512368
1807,0.6950212387711024
1811,0.3099115555352564
1817,0.886180022542683
1818,0.8651179947364313
1820,0.379778090422925
1822,0.4818766171996363
1824,0.43692095287321386
1825,0.9125905354950076
1828,0.7504563337715211
1829,0.20333595539586813
1833,0.2504862122602375
1835,0.2853352658601291
1837,0.3394740763364209
1839,0.1758785513460957
1842,0.22209469029453352
1844,0.2822066977794839
1846,0.18527353070082542
1849,0.43439958930370043
1852,0.42815653334872006
1853,0.006942156123174881
1854,0.9082783242646291
1855,0.40904094529033114
1856,0.5065936980580502
1857,0.42581680804116806
1858,0.43625952269080237
1859,0.15970251556915932
1860,0.7410511281998814
1864,0.35156040043462616
1865,0.49851735275480163
1866,0.7440691906963555
1869,0.5153288019142226
1871,0.15790647360551846
1876,0.4163206784097379
1880,0.9286119634653761
1882,0.3448682025797313
1885,0.19135582283402874
1888,0.5082885570590411
1889,0.2637177051143577
1890,0.40152861252523175
1891,0.8324576360871648
1893,0.39696732644741867
1894,0.42396898083897944
1895,0.16006108622084694
1896,0.3388871393995588
1898,0.1881167819271578
1900,0.688171064798539
1901,0.46107826111366607
1902,0.6185800125522595
1904,0.8193504996304792
1907,0.510783643121762
1909,0.6753008377561731
1912,0.28503442081755265
1913,0.4272131275867252
1914,0.8694833393400184
1915,0.8504095341536215
1918,0.6505361753524228
1919,0.21162943311804044
1920,0.3290401734329447
1921,0.5308641223112694
1924,0.233870778640256
1926,0.9631902695749598
1929,0.19908598338115915
1931,0.6373111133390302
1932,0.5766602415581528
1933,0.35289195665195117
1935,0.3918918390401994
1936,0.732720042232689
1937,0.8767010124650753
1940,0.15844240752660532
1941,0.20260611855314947
1943,0.5448947999882504
1944,0.18372896500578056
1945,0.9944939673265553
1947,0.4500561193342544
1951,0.5400283528466966
1953,0.5384892456689282
1956,0.9817244493355318
1959,0.1697667446055574
1960,0.3360344666057713
1969,0.4730361635193406
1970,0.3500914870621543
1971,0.8747558754455241
1975,0.06356154198352319
1976,0.36475468659140986
1977,0.6004943967192932
1980,0.19590112421332348
1981,0.7022414240675384
1982,0.4578110280471249
1983,0.986049046208971
1985,0.6944199143206355
1986,0.8634737449384197
1987,0.8298871635908662
1990,0.35637759237184524
1991,0.49670771864487345
1993,0.9656125484165052
1995,0.9789867762541423
1997,0.9772456444365196
1998,0.5031203918336024
1999,0.8526413944307615
2001,0.7754093974437464
2002,0.37073556173331157
2003,0.1845346573502124
2007,0.42340836731468456
2008,0.6671660053501478
2010,0.7099399461078835
2014,0.15833223450094674
2017,0.5931419396868769
2018,0.9256533358085416
2021,0.3531713613498924
2022,0.3362781543946174
2027,0.6041036870152221
2028,0.22395418740042594
2033,0.24919321948917803
2034,0.4415687525767373
2036,0.49119485517715367
2037,0.7355027111589507
2039,0.4386148622459713
2040,0.29396983968399454
2041,0.2242338568423719
2042,0.1733356086420156
2043,0.18752837568935887
2047,0.9200257041202613
2048,0.4357567813170109
2049,0.21480074983434053
2050,0.3582392254965044
2052,0.9373970211518845
2053,0.8013696716509646
2055,0.9548282190689736
2056,0.7042875777533368
2057,0.5300733056813764
2059,0.29675363594882054
2061,0.19223091843746423
2062,0.33240631135593746
2063,0.5103180864363048
2066,0.860323361586527
2069,0.3255752568495483
2071,0.9785030009430263
2073,0.040977261349398955
2075,0.983373577300453
2076,0.3200880481958374
2077,0.4345688491011221
2080,0.5011788402633817
2082,0.8538670988774502
2083,0.9563895494676935
2086,0.6669738714400457
2089,0.7408919042502823
2090,0.36062420538984724
2091,0.7655543783129832
2094,0.648285623236411
2095,0.5016363344660612
2096,0.7991580422954446
2101,0.9696285712291486
2102,0.3862142535314823
2106,0.37330021668700764
2107,0.914911718953347
2110,0.3690006989511002
2113,0.8843125102098016
2114,0.16391101776791078
2117,0.8881202171740016
2118,0.17487928030725552
2119,0.4378175852819802
2121,0.9857729302197015
2122,0.23244588826639412
2123,0.6838451676680579
2126,0.5775264073730606
2128,0.8633191010881035
2129,0.8943679040270931
2132,0.7586031546002246
2134,0.33434503616274075
2135,0.2492704153533989
2136,0.5303730400348904
2137,0.5032366307468228
2138,0.23373601412823627
2139,0.9779761102527723
2140,0.2772744171410876
2141,0.7566314026371838
2142,0.4042337832474658
2143,0.4146699765170163
2144,0.9755978048880584
2145,0.33339154388004993
2146,0.6157794747449866
2147,0.361366761923373
2151,0.7488218188006406
2152,0.8693860084676881
2153,0.35306441838992475
2157,0.11788668371735928
2159,0.6149048416840595
2160,0.5218007642611966
2161,0.6325521461057463
2162,0.48526697978510486
2166,0.7419806661259176
2168,0.9965459533242476
2170,0.33588254764294984
2171,0.31056103261046214
2174,0.6783964435433667
2181,0.2583410476745428
2183,0.3405298230064993
2185,0.6974100115859355
2188,0.40072720165651754
2189,0.980906434260965
2191,0.7926060858747713
2192,0.9156073121580965
2193,0.3488360462152505
2194,0.9012144940840815
2195,0.2131436940807161
2198,0.6379685966262654
2199,0.39099728842980536
2200,0.5783254032723042
2201,0.025620855527699167
2202,0.9289108844928269
2204,0.9098182481303311
2205,0.49206517762316543
2206,0.38182202617124944
2208,0.4880866077957117
2210,0.211958898659697
2212,0.5583267906507536
2215,0.9947296216634504
2218,0.7880751972713781
2220,0.9351019407549763
2221,0.8163353662726721
2225,0.9920054901519338
2226,0.3340256285350243
2232,0.4822949542556124
2235,0.3766973268402715
2236,0.5826446496223061
2238,0.3889995920674709
2240,0.985589906777788
2242,0.4761628099353965
2243,0.9911349669427235
2244,0.44781112513720556
2245,0.3512144271742976
2248,0.6778625698671708
2249,0.4799945482464095
2251,0.28148281447512935
2254,0.825301003517227
2255,0.35553505489372844
2256,0.19298484617782224
2259,0.2545501053856137
2260,0.9232880480030023
2262,0.20643547908820825
2264,0.9839689256946061
2265,0.9346425284473485
2266,0.16874537158342412
2267,0.41606520174704525
2268,0.6437437548056534
2269,0.8349116136590153
2270,0.3723261737911415
2271,0.5060098479495305
2276,0.4070029772290403
2278,0.9112685878545217
2279,0.7078784488330969
2281,0.6438425620923987
2282,0.3482862036095237
2285,0.41760439749333284
2287,0.9495670208399056
2289,0.813862444199177
2291,0.8166319141412599
2292,0.7657456064977557
2295,0.7184079422547203
2297,0.3285878276492458
2299,0.9357741288160991
2301,0.9954309735593807
2302,0.8599678259835121
2304,0.9154046373683139
2306,0.33648048607748055
2307,0.915535501533511
2309,0.6502933512357499
2311,0.622404374504259
2312,0.9967988407123092
2318,0.23050844406615906
2319,0.26936728083664313
2320,0.989615007421558
2321,0.9758379171234021
2323,0.17384637755019966
2324,0.3104450540803368
2325,0.49337435358449105
2327,0.6569283395196184
2328,0.7961528081254078
2332,0.9444448183211699
2333,0.27671657750194945
2334,0.770247344256451
2335,0.8580693458191743
2336,0.842076781901752
2337,0.3782635468190438
2340,0.6136374196833649
2342,0.9959212647442329
2344,0.986417609617428
2346,0.47191238585350903
2349,0.487675898621702
2352,0.1588349382921101
2353,0.37005029423243774
2355,0.48316728695074196
2358,0.28292682524271495
2362,0.39470512345871017
2363,0.29128801067999754
2364,0.4826751514385742
2366,0.5126242064154425
2368,0.6325965115557597
2369,0.44086044007050706
2374,0.7290360279832399
2377,0.9161820642767553
2380,0.6881456241306269
2385,0.2588648456481861
2386,0.19744723647311677
2387,0.29431338885337194
2389,0.31317736536892676
2392,0.29943543857896093
2394,0.5018454185159831
2396,0.6231647536055567
2398,0.49168331631977147
2400,0.492855041141526
2401,0.22483553418298524
2402,0.6895797585522483
2405,0.15943963766619038
2411,0.33500095778943334
2413,0.7197842675219421
2417,0.9844151668268434
2418,0.9159888765008205
2421,0.3927665678371972
2422,0.27024004966884224
2423,0.24054793925171744
2428,0.9817589281270456
2429,0.6163678860636096
2432,0.38307614751300567
2433,0.3581470985839926
2434,0.38414300239757315
2435,0.3426690456861252
2436,0.2789966095737147
2439,0.20175308020004254
2445,0.8205688271143371
2446,0.9561905660156149
2448,0.7173461965755896
2449,0.8085373430238487
2450,0.2958175996418981
2451,0.2401236263665628
2453,0.860933249764614
2455,0.7635711094407109
2456,0.9181738632827414
2458,0.7194610974628516
2462,0.5783500840797501
2465,0.9119115501238934
2469,0.7974330129166339
2472,0.46799059136155036
2473,0.8490140062366559
2474,0.708857484825566
2475,0.8118719589635666
2477,0.44055806860081326
2480,0.37521661125856953
2482,0.9813041778329936
2483,0.9294242340796877
2486,0.16356182875186698
2490,0.21359097372401978
2492,0.9940882105036765
2493,0.37101846180557774
2496,0.20740063322055288
2498,0.36583853371163155
2499,0.8462729637268485
2503,0.5522097419678204
2504,0.3361763044372823
2505,0.5009549858427071
2508,0.7021325597789267
2509,0.9602632059745165
2511,0.6653559624730176
2512,0.39792366944569696
2519,0.95482828742718
2521,0.7170243847004083
2522,0.2137242204944868
2524,0.21978732072045473
2525,0.9737094577018901
2528,0.9592321165635451
2531,0.8247220926298214
2532,0.2938910087325144
2533,0.20085849205988998
2536,0.7075688849095201
2538,0.735073161980838
2539,0.15599947467220399
2540,0.3657798076099512
2542,0.7445518923512076
2545,0.8699991667060369
2547,0.1854215795745703
2550,0.9906251721980416
2552,0.24212747641283883
2553,0.3560137930120717
2557,0.7636906920103377
2558,0.1571782467944115
2559,0.9993077077254
2560,0.15930725312058502
2563,0.9650842741517345
2566,0.9278828272897595
2567,0.6861296083505114
2568,0.7896071392206047
2569,0.7657854508174505
2570,0.38085432714304984
2573,0.44979747362842176
2574,0.36194441538639616
2576,0.974796610404327
2577,0.17126932572534953
2579,0.17948933092104283
2580,0.9989394644644802
2581,0.4755659422704072
2583,0.6657297871262008
2586,0.9522556200797547
2589,0.9843119014852224
2592,0.47097014522142544
2593,0.691703979291282
2594,0.9773989352487445
2595,0.4954684099705065
2599,0.6418058774427639
2604,0.16977563835057646
2605,0.9528622808144905
2611,0.833358888270827
2613,0.6989015160067645
2614,0.49256968026109627
2617,0.9910766374965289
2618,0.7643654607687886
2619,0.35621876977553274
2626,0.2207424323772565
2627,0.24913150018155364
2629,0.8652587877528161
2630,0.8882386057025587
2631,0.6564177332143964
2632,0.5009030263406908
2636,0.8510921249167105
2639,0.9582714386678804
2640,0.7429264830137241
2641,0.7501336811766123
2642,0.9652717960272932
2643,0.16425906693971185
2645,0.2456977306459413
2646,0.938603883157893
2648,0.244484558115008
2653,0.49316540917219587
2656,0.9797944619568488
2658,0.3653936930769676
2659,0.9931864463345941
2660,0.18756888445212933
2661,0.9816702399873081
2663,0.5065310229576836
2664,0.9406459725008101
2665,0.9846778848976447
2666,0.9908081586146534
2670,0.8436509113454208
2671,0.28078262482723665
2673,0.2510255304446688
2676,0.615845727721453
2681,0.9378818865605099
2682,0.7267378642300915
2683,0.774007290336138
2684,0.03760748850289026
2690,0.9927505091174147
2691,0.7836322527596234
2694,0.012783282267699914
2696,0.34615767254723395
2701,0.9811729488111116
2702,0.8229786366504489
2703,0.9088378785197491
2704,0.7302778689608429
2706,0.25135469149260087
2707,0.9765127032258643
2708,0.41139364080272733
2709,0.8557975500230999
2710,0.4682668301430745
2711,0.325801821671139
2712,0.36787528997293784
2713,0.2258855391535289
2717,0.43068734941850756
2719,0.40150483946935644
2720,0.8294862280289845
2721,0.39200272460334795
2722,0.3280035571061279
2725,0.6613370895704198
2726,0.8325621978861051
2728,0.5618387347074073
2730,0.8923299204221656
2732,0.7244433549347148
2734,0.7521592881305511
2735,0.7348317802936208
2736,0.6730116224537215
2738,0.5854930178180126
2739,0.1997461839002166
2740,0.9774639394549893
2741,0.49232994996927665
2745,0.5427027022810701
2747,0.46345066045592104
2748,0.8058963719036091
2749,0.9983381609048991
2752,0.42420434173884514
2753,0.8367682736722138
2754,0.5772731983677553
2755,0.9885772710124089
2757,0.4961993042835735
2759,0.9310127299566161
2760,0.9157374802506347
2768,0.9267852285984455
2769,0.987340130287393
2774,0.3843634417267036
2775,0.3419258665962919
2778,0.9187022181171925
2781,0.783485100853359
2783,0.9971962385544882
2787,0.5539064355625511
2790,0.5214160855142641
2791,0.3542215985182471
2792,0.9627652583238919
2793,0.6151312035240974
2795,0.4763006826144831
2796,0.891880359581015
2797,0.7994818890120128
2798,0.4497055065366719
2800,0.3454498221277296
2807,0.9844135491350513
2808,0.5207933044071045
2809,0.9120472454223594
2810,0.4827690675856851
2812,0.37221633198551135
2813,0.9963537376518659
2815,0.7137348648244521
2817,0.39748956321151524
2818,0.5159042922672162
2820,0.8839894847382648
2822,0.7348150532371935
2823,0.7708313667371143
2824,0.3650937916366331
2825,0.45816421237714033
2827,0.9404725897272375
2828,0.9091193568807938
2830,0.2855528175387668
2831,0.8867085124405738
2833,0.7902150335285808
2834,0.7449073910637477
2838,0.148739911491568
2839,0.45273278935697364
2840,0.9551214234129738
2842,0.9691884026149744
2843,0.8055248162228508
2844,0.347263494540079
2845,0.3788792877631592
2846,0.2011699940953724
2849,0.4452582923826101
2850,0.7572767496446117
2852,0.3315552254278658
2853,0.26995824542282193
2854,0.510351002217175
2855,0.8586133712297408
2857,0.9259576522747093
2859,0.5134390755782816
2861,0.8430169822226529
2862,0.9627094579851175
2864,0.6241953320275421
2869,0.6590403239045597
2870,0.9714242591110711
2871,0.9572400319368999
2876,0.8831292002828758
2877,0.9983588576976943
2878,0.7622919129916391
2880,0.9442497302558088
2882,0.4612315765915204
2884,0.9822246980240181
2886,0.956042994765485
2888,0.9723828725091918
2889,0.6102140969805212
2891,0.960394701455685
2892,0.971656070795426
2893,0.9896571835190469
2895,0.2831343790685825
2897,0.8645115517654435
2898,0.9387431681232227
2901,0.530309193367649
2902,0.7825540817203304
2904,0.8336783035317971
2905,0.9901962820687139
2906,0.20676961105829333
2909,0.22944524566455957
2910,0.6601679188422063
2912,0.8771668131691882
2913,0.4523828854115554
2915,0.7164257255682372
2916,0.23875276821511826
2919,0.47545813585806984
2920,0.7794428050654736
2921,0.4660526833770111
2923,0.43429429503777733
2925,0.24144484659078302
2926,0.36237661469991456
2927,0.9935775748710259
2929,0.8646244465635797
2932,0.5165931492580221
2933,0.9607207527603888
2937,0.7283087684572017
2938,0.9906936497510779
2939,0.9621988309990104
2940,0.5180730158654756
2942,0.9843101019081244
2943,0.9164005877857934
2945,0.4694943285456487
2946,0.9874260217466168
2951,0.4952849485033982
2954,0.9512757896685508
2956,0.18251028659310994
2960,0.3542919815584132
2962,0.5292021210415074
2963,0.3958025212607255
2965,0.7738950046279257
2966,0.5004139639330794
2968,0.7750400241740018
2972,0.45770698435906415
2973,0.9583569744840434
2976,0.5475877966626146
2977,0.5116703650423764
2978,0.5578432897096026
2980,0.8919404613711734
2982,0.4301054543711943
2987,0.9114535643007774
2989,0.9972786575223025
2991,0.7699427871161035
2993,0.9162381764784614
2995,0.7388374028130056
2996,0.7537283994745643
2998,0.9992164528360772
3000,0.5540844286860701
3002,0.8535815977376529
3003,0.9727739034218591
3004,0.9870150408029652
3005,0.8416236342379657
3006,0.31913376466516746
3011,0.34880899026923257
3013,0.46134329827758264
3014,0.9390131444252177
3018,0.9727507130848121
3019,0.9913967670366787
3020,0.9053408087738894
3021,0.7423817013764231
3022,0.46131517656344345
3024,0.6951934281194184
3025,0.5390612745299284
3027,0.7937347561583308
3028,0.6532001846195301
3030,0.9331773126728458
3037,0.8893113961966299
3038,0.7140268549965171
3040,0.3180768059234444
3041,0.9991447931294323
3042,0.3408442129220234
3043,0.2654538433904043
3046,0.9942976047549871
3047,0.8656118809583517
3050,0.8326479539737905
3052,0.7217757370900416
3053,0.1851858961183406
3054,0.7499835729399739
3055,0.30214852415857973
3056,0.665831413234207
3058,0.11672856486547478
3059,0.25917590316652844
3060,0.9978150867342583
3061,0.8854745698451112
3062,0.9776684802643812
3063,0.9266138842893236
3064,0.9950746846408314
3065,0.20104135384745378
3066,0.35089507616565596
3068,0.4476007498667952
3069,0.26305710073178445
3071,0.7180807612893012
3074,0.9919167536211194
3077,0.5354320859196442
3078,0.861875069398376
3080,0.8723204771228413
3081,0.6270623974553803
3085,0.2573439973216657
3087,0.990840801567377
3093,0.8548271588095583
3094,0.7040581998273806
3100,0.4493189681277191
3105,0.3361143792858389
3106,0.9931279263516728
3109,0.6166763209935494
3111,0.806180044391933
3113,0.979867775827255
3116,0.33994843643057543
3118,0.995009101528708
3119,0.2522423728029648
3120,0.07086536154932789
3125,0.8361939897061261
3126,0.5922549722902447
3128,0.3321064500925641
3135,0.9997701974953903
3136,0.903263659698781
3138,0.8727130367168093
3140,0.8031746949514637
3143,0.3681104457909164
3145,0.7977315082034677
3147,0.6280152675246129
3151,0.9950496801419072
3152,0.7336582255878484
3153,0.6478431924096714
3154,0.6715240387035722
3158,0.4150197758458329
3159,0.731750753705274
3160,0.6356469249543705
3163,0.4288033279234547
3165,0.9925432938002033
3167,0.4093225888633686
3169,0.7610358639385877
3172,0.5617083276861203
3173,0.7598650130287324
3174,0.9236288853053681
3175,0.9456065758103789
3177,0.7864238738304112
3184,0.9795769273779608
3185,0.7866648789325957
3186,0.875953191319436
3187,0.6909196688744396
3189,0.9557379572212981
3190,0.664683774760235
3191,0.6589312478033621
3192,0.6970676098636958
3193,0.8617588230008503
3194,0.20656957681347102
3196,0.9691125978691508
3197,0.9773719845197847
3198,0.9749043106424242
3201,0.8169757914372098
3203,0.16100938033707637
3205,0.6488010398828282
3207,0.5121759013167275
3208,0.8778049861887612
3215,0.6839633911592092
3216,0.9507333637012431
3217,0.43434677250730935
3218,0.9964992726209192
3220,0.9514918146727679
3224,0.5975670144935165
3228,0.9905140840252574
3231,0.6942804384191025
3232,0.34787135618421877
3234,0.9975323273257812
3239,0.7345046550264954
3242,0.9779083993554694
3246,0.09002358362906679
3247,0.1612576808154291
3249,0.3451738664272864
3251,0.9857434544452902
3257,0.7310737174963686
3259,0.5621491692030195
3260,0.8641805308220035
3261,0.7872275712069722
3263,0.798949261518584
3265,0.4582574443050776
3266,0.7908373534532228
3267,0.8329220885945288
3269,0.9950550283724685
3270,0.7202086293886719
3273,0.9923617556838983
3278,0.9555650461358478
3284,0.7100027968739993
3285,0.20400757423785484
3287,0.37053745387193965
3288,0.8791550950805039
3291,0.26982372068840726
3294,0.8914999507461746
3295,0.22055632111592005
3297,0.22766851403498425
3299,0.5216317269251113
3302,0.7391944968826036
3305,0.9966386536310176
3308,0.9896709346800182
3309,0.5834666182983642
3310,0.5835880386948172
3311,0.2941226597300106
3312,0.2826355510624529
3313,0.9904730792823823
3314,0.33753036113886176
3315,0.42656212480381883
3316,0.9783877517496143
3318,0.3603776266031903
3319,0.9941221536808684
3320,0.5999711842640517
3322,0.973521978662956
3323,0.983746585826805
3326,0.8869747475432271
3329,0.8902113953696574
3330,0.06051824591543602
3331,0.9000701628030171
3333,0.8851317800868128
3335,0.977440767472906
3336,0.955437115634698
3339,0.21702769634220045
3341,0.9946754077991135
3343,0.9392130246039041
3344,0.6752362121180177
3345,0.22333733937161065
3347,0.9685687288634512
3348,0.3325785262046527
3352,0.9740255913448158
3353,0.48812095632924135
3355,0.43101490071119847
3356,0.8263724816188893
3357,0.988935481610336
3362,0.9320968374283671
3365,0.45456803348571634
3368,0.8965527557888755
3369,0.5285830266833726
3373,0.36725069982935504
3374,0.6393386875890987
3376,0.9795167993857564
3378,0.883951131778229
3379,0.9933023902210141
3380,0.6154687393098394
3381,0.7557216867452948
3382,0.9837945042494108
3383,0.9851598457193648
3385,0.8489698099660756
3387,0.6596522717018197
3391,0.4230453130051898
3393,0.24661698484211586
3394,0.9978946977506445
3397,0.9523210278620697
3399,0.9826326666121351
3400,0.561917060440715
3405,0.44499497754283773
3406,0.9996345083103673
